8.6	0.25	-3.00029	0
8.45	0.25	-3.00027	0
8.45	0.25	0	0
8.45	0.25	0	0
8.35	0.25	-1.81979	0
8.25	0.25	-1.81978	0
8.05	0.2	-3.99976	-0.99994
7.85	0.15	-3.99972	-0.99993
7.7	0.15	-2.99982	0
7.55	0.15	-2.99982	0
7.45	0.100001	-1.8165	-0.908239
7.35	0.0500011	-1.81648	-0.90823
7.2	9.49949e-07	-2.72851	-0.909507
7.05	-0.0499992	-2.72849	-0.909499
6.95	-0.15	-1.81898	-1.81898
6.85	-0.25	-1.81896	-1.81897
6.75	-0.349999	-2.00076	-2.00075
6.65	-0.449999	-2.00076	-2.00075
6.6	-0.549999	-0.998836	-1.99769
6.55	-0.65	-0.99884	-1.99769
6.5	-0.85	-0.908747	-3.63498
6.45	-1.05	-0.908739	-3.63494
6.35	-1.15	-1.81897	-1.81898
6.25	-1.25	-1.81896	-1.81896
6.3	-1.45	0.909739	-3.63894
6.35	-1.65	0.909727	-3.63891
6.3	-1.8	-0.999494	-2.9985
6.25	-1.95	-0.999489	-2.99847
6.3	-2.1	0.999984	-2.99994
6.35	-2.25	0.999979	-2.99994
6.35	-2.4	0	-2.72613
6.35	-2.55	0	-2.72611
6.4	-2.7	0.909499	-2.72851
6.45	-2.85	0.909503	-2.72851
6.45	-3	0	-2.99754
6.45	-3.15	0	-2.99754
6.5	-3.3	0.910402	-2.7312
6.55	-3.45	0.910402	-2.7312
6.65	-3.6	1.81722	-2.72583
6.75	-3.75	1.81721	-2.72581
6.8	-3.9	0.907988	-2.72396
6.85	-4.05	0.907976	-2.72393
6.9	-4.2	0.909334	-2.72801
6.95	-4.35	0.90933	-2.72799
7	-4.45	0.910054	-1.8201
7.05	-4.55	0.910054	-1.8201
7.1	-4.7	0.908302	-2.72489
7.15	-4.85	0.908297	-2.72489
7.25	-5	1.81907	-2.72861
7.35	-5.15	1.81907	-2.72861
7.4	-5.3	0.908194	-2.7246
7.45	-5.45	0.90819	-2.72457
7.55	-5.55	1.81974	-1.81974
7.65	-5.65	1.81972	-1.81972
7.7	-5.8	0.90983	-2.72951
7.75	-5.95	0.909826	-2.72948
7.85	-6.1	1.9986	-2.9979
7.95	-6.25	1.99858	-2.99787
8.05	-6.35	1.81738	-1.81739
8.15	-6.45	1.81737	-1.81737
8.2	-6.6	0.909293	-2.72787
8.25	-6.75	0.909293	-2.72787
8.35	-6.85	1.81994	-1.81993
8.45	-6.95	1.81993	-1.81993
8.5	-7.1	1.00006	-3.00018
8.55	-7.25	1.00006	-3.00018
8.65	-7.4	1.99807	-2.99712
8.75	-7.55	1.99808	-2.99712
8.8	-7.65	0.909955	-1.8199
8.85	-7.75	0.909946	-1.81988
8.9	-7.9	0.999086	-2.9973
8.95	-8.05	0.999095	-2.9973
9	-8.15	0.909309	-1.8186
9.05	-8.25	0.909301	-1.81859
9.1	-8.4	1.0004	-3.00119
9.15	-8.55	1.00038	-3.00117
9.2	-8.65	0.909508	-1.819
9.25	-8.75	0.9095	-1.81899
9.35	-8.95	1.99965	-3.99928
9.45	-9.15	1.99964	-3.99928
9.5	-9.25	0.999584	-1.99917
9.55	-9.35	0.999584	-1.99917
9.55	-9.5	0	-3.00023
9.55	-9.65	0	-3.0002
9.6	-9.8	0.999005	-2.997
9.65	-9.95	0.998995	-2.997
9.7	-10.05	0.909855	-1.81969
9.75	-10.15	0.909847	-1.81969
9.75	-10.3	0	-3.00065
9.75	-10.45	0	-3.00063
9.8	-10.6	0.90817	-2.72451
9.85	-10.75	0.908161	-2.72448
9.85	-10.9	0	-2.73074
9.85	-11.05	0	-2.73073
9.85	-11.2	0	-2.99965
9.85	-11.35	0	-2.99961
9.85	-11.5	0	-2.99843
9.85	-11.65	0	-2.99843
9.8	-11.75	-1.0003	-2.00061
9.75	-11.85	-1.00029	-2.00059
9.7	-12	-1.0004	-3.00119
9.65	-12.15	-1.00039	-3.00116
9.6	-12.25	-0.999885	-1.99981
9.55	-12.35	-0.999884	-1.99979
9.45	-12.45	-1.99803	-1.99805
9.35	-12.55	-1.99804	-1.99804
9.3	-12.65	-0.909773	-1.81953
9.25	-12.75	-0.909773	-1.81954
9.05	-12.85	-3.99257	-1.99629
8.85	-12.95	-3.99253	-1.99627
8.75	-13	-1.8213	-0.910651
8.65	-13.05	-1.8213	-0.910651
8.5	-13.1	-2.997	-0.999005
8.35	-13.15	-2.997	-0.998995
8.2	-13.15	-2.72741	0
8.05	-13.15	-2.72742	0
7.9	-13.15	-2.72986	0
7.75	-13.15	-2.72986	0
7.6	-13.2	-2.9979	-0.999304
7.45	-13.25	-2.9979	-0.999304
7.3	-13.25	-2.72846	0
7.15	-13.25	-2.72844	0
7	-13.2	-2.99784	0.999284
6.85	-13.15	-2.99784	0.999284
6.7	-13.1	-2.72787	0.909275
6.55	-13.05	-2.72787	0.909284
6.4	-13.05	-2.72678	0
6.25	-13.05	-2.72678	0
6.1	-13	-2.72966	0.909888
5.95	-12.95	-2.72963	0.90988
5.8	-12.85	-2.99777	1.99851
5.65	-12.75	-2.99778	1.99852
5.55	-12.7	-1.81798	0.908995
5.45	-12.65	-1.81799	0.908995
5.3	-12.55	-2.72627	1.81753
5.15	-12.45	-2.72625	1.8175
5.05	-12.35	-1.8199	1.81989
4.95	-12.25	-1.81991	1.8199
4.85	-12.15	-1.99928	1.99929
4.75	-12.05	-1.99928	1.99928
4.7	-11.9	-0.908236	2.72471
4.65	-11.75	-0.908231	2.7247
4.6	-11.65	-0.909847	1.81971
4.55	-11.55	-0.909843	1.81969
4.5	-11.35	-1.0008	4.0032
4.45	-11.15	-1.0008	4.00321
4.45	-11.05	0	1.81614
4.45	-10.95	0	1.81612
4.45	-10.8	0	2.72555
4.45	-10.65	0	2.72554
4.45	-10.5	0	2.729
4.45	-10.35	0	2.72898
4.5	-10.2	0.908962	2.72687
4.55	-10.05	0.908954	2.72685
4.6	-9.9	0.909756	2.72927
4.65	-9.75	0.909752	2.72926
4.7	-9.6	0.90859	2.72578
4.75	-9.45	0.908586	2.72576
4.85	-9.3	1.81967	2.72952
4.95	-9.15	1.81967	2.72951
5	-9.05	0.999884	1.99977
5.05	-8.95	0.999874	1.99974
5.15	-8.8	1.81805	2.72708
5.25	-8.65	1.81803	2.72705
5.35	-8.55	1.99956	1.99957
5.45	-8.45	1.99954	1.99954
5.5	-8.35	0.909045	1.81807
5.55	-8.25	0.909045	1.81808
5.7	-8.1	2.72608	2.72608
5.85	-7.95	2.72606	2.72606
5.95	-7.85	1.81801	1.81801
6.05	-7.75	1.81802	1.81801
6.15	-7.65	1.81798	1.81798
6.25	-7.55	1.81798	1.81798
6.35	-7.45	1.82027	1.82027
6.45	-7.35	1.82025	1.82025
6.6	-7.25	2.99862	1.99908
6.75	-7.15	2.99862	1.99908
6.8	-7.05	0.908005	1.816
6.85	-6.95	0.908	1.81601
7	-6.85	2.72856	1.81904
7.15	-6.75	2.72854	1.81902
7.25	-6.65	1.8202	1.8202
7.35	-6.55	1.82018	1.82018
7.5	-6.5	2.99964	0.999884
7.65	-6.45	2.99964	0.999884
7.75	-6.4	1.81709	0.908549
7.85	-6.35	1.81709	0.908545
8	-6.25	2.72931	1.81954
8.15	-6.15	2.72928	1.81952
8.25	-6.05	1.99977	1.99976
8.35	-5.95	1.99977	1.99976
8.5	-5.9	2.72796	0.909326
8.65	-5.85	2.72796	0.909321
8.75	-5.75	1.81776	1.81775
8.85	-5.65	1.81774	1.81773
8.95	-5.55	1.99657	1.99656
9.05	-5.45	1.99654	1.99655
9.2	-5.4	2.72728	0.909094
9.35	-5.35	2.72727	0.90909
9.45	-5.25	1.81816	1.81815
9.55	-5.15	1.81813	1.81813
9.65	-5.05	1.82036	1.82036
9.75	-4.95	1.82036	1.82037
9.85	-4.85	1.81578	1.81577
9.95	-4.75	1.81575	1.81575
10.05	-4.6	1.82039	2.7306
10.15	-4.45	1.8204	2.7306
10.25	-4.3	1.81769	2.72652
10.35	-4.15	1.81768	2.7265
10.45	-4.05	1.81792	1.81792
10.55	-3.95	1.8179	1.8179
10.65	-3.85	1.81903	1.81904
10.75	-3.75	1.81902	1.81903
10.8	-3.6	0.909773	2.72931
10.85	-3.45	0.909764	2.72928
10.95	-3.3	1.99953	2.99928
11.05	-3.15	1.9995	2.99925
11.1	-3	0.907725	2.72317
11.15	-2.85	0.907708	2.72314
11.2	-2.7	0.908929	2.72678
11.25	-2.55	0.908929	2.72678
11.2	-2.4	-0.909276	2.72782
11.15	-2.25	-0.909276	2.72782
11.25	-2.1	1.81915	2.72871
11.35	-1.95	1.81913	2.72869
11.35	-1.8	0	2.73035
11.35	-1.65	0	2.73033
11.3	-1.5	-0.999165	2.99748
11.25	-1.35	-0.999155	2.99745
11.2	-1.25	-0.909822	1.81964
11.15	-1.15	-0.909822	1.81964
11.05	-0.95	-1.99817	3.99632
10.95	-0.75	-1.99816	3.99632
10.9	-0.649999	-0.908549	1.8171
10.85	-0.549999	-0.908532	1.81708
10.75	-0.45	-1.8174	1.81738
10.65	-0.35	-1.8174	1.81738
10.5	-0.25	-2.72796	1.81864
10.35	-0.15	-2.72796	1.81864
10.25	-0.0999996	-1.81964	0.909826
10.15	-0.0499992	-1.81963	0.909818
10	9.49949e-07	-2.73049	0.910169
9.85	0.0500011	-2.73047	0.910161
9.7	0.0500011	-2.72439	0
9.55	0.0500011	-2.72438	0
9.4	0.100001	-2.72773	0.90923
9.25	0.15	-2.7277	0.909222
9.1	0.2	-2.72652	0.908843
8.95	0.25	-2.72653	0.908843
8.85	0.25	-1.81847	0
8.75	0.25	-1.81846	0
8.55	0.25	-3.6326	0
8.35	0.25	-3.6326	0
8.2	0.25	-2.72841	0
8.05	0.25	-2.72842	0
7.9	0.2	-2.72708	-0.909025
7.75	0.15	-2.72705	-0.909016
7.6	0.100001	-2.73169	-0.910554
7.45	0.0500011	-2.73169	-0.910554
7.3	0.0500011	-2.99789	0
7.15	0.0500011	-2.9979	0
7.05	-0.0499995	-1.81811	-1.81813
6.95	-0.15	-1.8181	-1.81811
6.85	-0.25	-1.81646	-1.81646
6.75	-0.35	-1.81645	-1.81645
6.65	-0.45	-1.81901	-1.819
6.55	-0.549999	-1.81899	-1.81898
6.5	-0.749999	-0.909789	-3.63914
6.45	-0.949999	-0.909781	-3.63911
6.4	-1.1	-1.0002	-3.00061
6.35	-1.25	-1.0002	-3.00061
6.3	-1.35	-1.00035	-2.00072
6.25	-1.45	-1.00036	-2.00072
6.25	-1.6	0	-2.99288
6.25	-1.75	0	-2.99285
6.3	-1.9	0.909739	-2.72921
6.35	-2.05	0.909735	-2.72921
6.35	-2.2	0	-2.72782
6.35	-2.35	0	-2.72779
6.35	-2.55	0	-3.63689
6.35	-2.75	0	-3.63689
6.4	-2.9	0.908854	-2.72658
6.45	-3.05	0.908859	-2.72658
6.5	-3.2	0.908863	-2.72658
6.55	-3.35	0.908855	-2.72655
6.6	-3.5	0.908714	-2.72613
6.65	-3.65	0.908702	-2.72611
6.7	-3.8	0.909565	-2.72871
6.75	-3.95	0.909561	-2.72869
6.8	-4.1	0.908566	-2.72568
6.85	-4.25	0.908561	-2.72569
6.95	-4.4	1.81821	-2.72732
7.05	-4.55	1.81822	-2.72732
7.1	-4.7	0.91085	-2.73253
7.15	-4.85	0.910837	-2.73251
7.2	-4.95	1.00033	-2.00068
7.25	-5.05	1.00033	-2.00066
7.35	-5.2	1.9976	-2.9964
7.45	-5.35	1.9976	-2.9964
7.5	-5.45	0.908252	-1.8165
7.55	-5.55	0.908244	-1.81648
7.65	-5.7	1.81785	-2.72677
7.75	-5.85	1.81785	-2.72677
7.8	-5.95	0.909078	-1.81815
7.85	-6.05	0.909073	-1.81815
7.95	-6.2	1.8197	-2.72955
8.05	-6.35	1.81969	-2.72953
8.15	-6.5	1.8187	-2.72807
8.25	-6.65	1.81869	-2.72804
8.3	-6.75	0.908979	-1.81795
8.35	-6.85	0.908979	-1.81795
8.4	-7	0.909094	-2.72732
8.45	-7.15	0.909102	-2.72732
8.55	-7.3	1.81751	-2.72628
8.65	-7.45	1.81752	-2.72628
8.7	-7.55	0.908615	-1.81723
8.75	-7.65	0.908607	-1.81721
8.85	-7.8	1.8215	-2.73224
8.95	-7.95	1.82148	-2.73221
9	-8.1	0.999025	-2.99707
9.05	-8.25	0.999015	-2.99704
9.1	-8.35	0.908285	-1.81657
9.15	-8.45	0.908268	-1.81655
9.2	-8.6	0.91012	-2.73036
9.25	-8.75	0.910112	-2.73033
9.3	-8.9	0.909524	-2.72856
9.35	-9.05	0.909524	-2.72856
9.4	-9.2	0.999066	-2.99725
9.45	-9.35	0.999075	-2.99724
9.5	-9.5	0.909706	-2.7291
9.55	-9.65	0.909706	-2.7291
9.6	-9.8	1.00048	-3.00143
9.65	-9.95	1.00046	-3.00141
9.7	-10.05	0.998785	-1.99755
9.75	-10.15	0.998775	-1.99754
9.75	-10.3	0	-2.72851
9.75	-10.45	0	-2.72849
9.8	-10.6	0.909012	-2.72704
9.85	-10.75	0.909012	-2.72703
9.85	-10.9	0	-3.00318
9.85	-11.05	0	-3.00316
9.85	-11.2	0	-3.00013
9.85	-11.35	0	-3.00012
9.85	-11.5	0	-2.99592
9.85	-11.65	0	-2.99592
9.8	-11.75	-0.908731	-1.81746
9.75	-11.85	-0.908731	-1.81746
9.7	-12	-0.909591	-2.72875
9.65	-12.15	-0.909582	-2.72873
9.6	-12.3	-0.908879	-2.72667
9.55	-12.45	-0.908879	-2.72665
9.45	-12.55	-1.82006	-1.82006
9.35	-12.65	-1.82005	-1.82005
9.2	-12.75	-3.00047	-2.00033
9.05	-12.85	-3.00048	-2.00033
8.95	-12.9	-1.81543	-0.907707
8.85	-12.95	-1.81542	-0.907708
8.7	-13.05	-2.73134	-1.82089
8.55	-13.15	-2.73135	-1.82089
8.4	-13.15	-2.99683	0
8.25	-13.15	-2.9968	0
8.1	-13.2	-2.72707	-0.909028
7.95	-13.25	-2.72705	-0.90902
7.8	-13.25	-2.7295	0
7.65	-13.25	-2.7295	0
7.5	-13.25	-2.99994	0
7.35	-13.25	-2.99994	0
7.2	-13.2	-2.72698	0.908995
7.05	-13.15	-2.72695	0.908987
6.85	-13.15	-3.63709	0
6.65	-13.15	-3.63709	0
6.5	-13.1	-3.0006	1.00018
6.35	-13.05	-3.0006	1.00019
6.25	-13.05	-1.81729	0
6.15	-13.05	-1.81729	0
6	-12.95	-2.72861	1.81906
5.85	-12.85	-2.72861	1.81907
5.7	-12.8	-2.99988	0.999964
5.55	-12.75	-2.99985	0.999954
5.45	-12.7	-2.00001	1
5.35	-12.65	-1.99998	0.999994
5.25	-12.55	-1.99732	1.99733
5.15	-12.45	-1.9973	1.9973
5.05	-12.35	-1.8206	1.82059
4.95	-12.25	-1.82058	1.82058
4.85	-12.1	-1.9998	2.99969
4.75	-11.95	-1.9998	2.9997
4.7	-11.85	-1.00002	2.00003
4.65	-11.75	-1.00001	2.00002
4.6	-11.6	-0.998955	2.99688
4.55	-11.45	-0.99896	2.99689
4.5	-11.3	-1.00106	3.00319
4.45	-11.15	-1.00106	3.00319
4.45	-11.05	0	1.8168
4.45	-10.95	0	1.81679
4.45	-10.8	0	3.00139
4.45	-10.65	0	3.00138
4.45	-10.55	0	2.00041
4.45	-10.45	0	2.00038
4.5	-10.3	0.999584	2.99875
4.55	-10.15	0.999574	2.99871
4.55	-10	0	2.72717
4.55	-9.85	0	2.72714
4.65	-9.7	1.8193	2.72895
4.75	-9.55	1.81929	2.72894
4.8	-9.4	1.00006	3.00019
4.85	-9.25	1.00005	3.00015
4.95	-9.15	2.00004	2.00005
5.05	-9.05	2.00004	2.00004
5.1	-8.9	0.999704	2.99911
5.15	-8.75	0.999689	2.99907
5.25	-8.65	1.81848	1.81849
5.35	-8.55	1.81846	1.81846
5.45	-8.4	2.00068	3.00103
5.55	-8.25	2.00066	3.00099
5.65	-8.15	1.99952	1.99953
5.75	-8.05	1.9995	1.9995
5.8	-7.95	0.999944	1.99989
5.85	-7.85	0.999939	1.99988
5.95	-7.75	1.99772	1.99772
6.05	-7.65	1.99771	1.9977
6.15	-7.55	1.8199	1.8199
6.25	-7.45	1.8199	1.81991
6.4	-7.35	2.99605	1.99736
6.55	-7.25	2.99605	1.99736
6.65	-7.2	1.8206	0.910303
6.75	-7.15	1.8206	0.910298
6.85	-7.05	1.99848	1.99848
6.95	-6.95	1.99846	1.99846
7.1	-6.85	2.72688	1.81792
7.25	-6.75	2.72688	1.81792
7.35	-6.65	1.81821	1.81821
7.45	-6.55	1.81821	1.81821
7.55	-6.5	1.81726	0.908632
7.65	-6.45	1.81726	0.908632
7.8	-6.4	2.72951	0.909839
7.95	-6.35	2.72948	0.909826
8.05	-6.25	2.00047	2.00048
8.15	-6.15	2.00048	2.00048
8.3	-6.05	2.72702	1.81801
8.45	-5.95	2.727	1.818
8.55	-5.9	2.00127	1.00064
8.65	-5.85	2.00128	1.00064
8.8	-5.75	2.99963	1.99976
8.95	-5.65	2.99961	1.99974
9.05	-5.55	1.99699	1.997
9.15	-5.45	1.997	1.99701
9.25	-5.35	1.8166	1.81659
9.35	-5.25	1.8166	1.81659
9.45	-5.15	1.8222	1.82219
9.55	-5.05	1.82219	1.82219
9.65	-5	1.99604	0.998028
9.75	-4.95	1.99605	0.998028
9.85	-4.85	1.81895	1.81894
9.95	-4.75	1.81894	1.81894
10.05	-4.6	1.81966	2.72951
10.15	-4.45	1.81965	2.72948
10.25	-4.35	1.81908	1.81907
10.35	-4.25	1.81908	1.81907
10.45	-4.1	2.00061	3.0009
10.55	-3.95	2.0006	3.0009
10.65	-3.85	1.99963	1.99964
10.75	-3.75	1.99962	1.99962
10.8	-3.6	0.999844	2.99952
10.85	-3.45	0.999834	2.99949
10.95	-3.35	2.00065	2.00064
11.05	-3.25	2.00064	2.00064
11.1	-3.1	0.998546	2.99563
11.15	-2.95	0.998526	2.9956
11.15	-2.8	0	2.73104
11.15	-2.65	0	2.73102
11.15	-2.55	0	1.81785
11.15	-2.45	0	1.81785
11.25	-2.25	1.99733	3.99465
11.35	-2.05	1.99733	3.99465
11.35	-1.95	0	1.81854
11.35	-1.85	0	1.81853
11.35	-1.7	0	2.72762
11.35	-1.55	0	2.72762
11.3	-1.4	-0.908846	2.72653
11.25	-1.25	-0.908846	2.72653
11.15	-1.1	-1.82014	2.73021
11.05	-0.949999	-1.82013	2.73021
11	-0.799999	-1.00036	3.00107
10.95	-0.65	-1.00035	3.00104
10.85	-0.5	-2.00003	3.00006
10.75	-0.35	-2.00002	3.00003
10.65	-0.3	-1.81779	0.908892
10.55	-0.25	-1.81778	0.908893
10.4	-0.15	-3.00061	2.00041
10.25	-0.0499992	-3.0006	2.00041
10.15	-0.0499992	-1.99645	0
10.05	-0.0499992	-1.99644	0
9.9	9.49949e-07	-2.73175	0.910584
9.75	0.0500011	-2.73174	0.910584
9.6	0.100001	-2.99544	0.998471
9.45	0.15	-2.99545	0.998471
9.35	0.15	-1.81963	0
9.25	0.15	-1.81962	0
9.1	0.2	-3.00059	1.0002
8.95	0.25	-3.0006	1.0002
8.8	0.25	-2.99995	0
8.65	0.25	-2.99994	0
8.5	0.25	-2.99323	0
8.35	0.25	-2.9932	0
8.2	0.25	-2.73233	0
8.05	0.25	-2.73234	0
7.9	0.2	-3.00234	-1.00078
7.75	0.15	-3.00231	-1.00077
7.6	0.15	-2.99599	0
7.45	0.15	-2.99596	0
7.35	0.100001	-1.81801	-0.908998
7.25	0.0500011	-1.81801	-0.908998
7.1	-0.0499995	-2.72495	-1.81664
6.95	-0.15	-2.72492	-1.81662
6.9	-0.25	-0.910634	-1.82126
6.85	-0.35	-0.910622	-1.82124
6.7	-0.45	-2.99641	-1.99759
6.55	-0.549999	-2.99637	-1.99757
6.5	-0.7	-0.909955	-2.72986
6.45	-0.85	-0.909955	-2.72986
6.4	-1	-0.999224	-2.99766
6.35	-1.15	-0.99921	-2.99763
6.3	-1.3	-0.908722	-2.72618
6.25	-1.45	-0.908718	-2.72616
6.3	-1.6	0.910485	-2.73144
6.35	-1.75	0.910481	-2.73144
6.35	-1.9	0	-2.99515
6.35	-2.05	0	-2.99515
6.35	-2.2	0	-2.72856
6.35	-2.35	0	-2.72854
6.4	-2.5	0.908227	-2.7247
6.45	-2.65	0.908223	-2.72467
6.45	-2.8	0	-2.72732
6.45	-2.95	0	-2.7273
6.5	-3.15	0.909078	-3.6363
6.55	-3.35	0.90907	-3.63626
6.6	-3.5	0.910038	-2.7301
6.65	-3.65	0.910033	-2.7301
6.7	-3.8	0.908095	-2.7243
6.75	-3.95	0.908091	-2.72428
6.8	-4.1	0.910949	-2.73284
6.85	-4.25	0.910945	-2.73284
6.9	-4.35	0.999834	-1.99968
6.95	-4.45	0.999829	-1.99966
7.05	-4.6	1.99653	-2.99479
7.15	-4.75	1.99653	-2.99479
7.2	-4.85	1.00098	-2.00196
7.25	-4.95	1.00097	-2.00194
7.3	-5.1	0.90969	-2.72906
7.35	-5.25	0.909677	-2.72904
7.45	-5.4	1.99976	-2.99964
7.55	-5.55	1.99976	-2.99964
7.6	-5.65	1.00038	-2.00076
7.65	-5.75	1.00037	-2.00074
7.75	-5.9	1.81659	-2.7249
7.85	-6.05	1.81659	-2.7249
7.9	-6.15	0.909251	-1.81851
7.95	-6.25	0.909247	-1.81849
8.05	-6.35	1.81576	-1.81577
8.15	-6.45	1.81577	-1.81577
8.25	-6.6	1.8218	-2.73269
8.35	-6.75	1.8218	-2.73269
8.4	-6.9	0.907987	-2.72401
8.45	-7.05	0.907988	-2.72398
8.5	-7.2	0.910054	-2.73014
8.55	-7.35	0.910046	-2.73012
8.65	-7.45	1.99827	-1.99828
8.75	-7.55	1.99828	-1.99828
8.8	-7.7	0.909061	-2.72717
8.85	-7.85	0.909053	-2.72715
8.9	-8	0.908945	-2.72688
8.95	-8.15	0.908953	-2.72687
9.05	-8.25	1.82026	-1.82027
9.15	-8.35	1.82025	-1.82026
9.2	-8.5	0.999884	-2.99963
9.25	-8.65	0.999874	-2.9996
9.3	-8.8	0.999284	-2.99783
9.35	-8.95	0.999284	-2.99784
9.4	-9.05	0.909209	-1.81844
9.45	-9.15	0.90921	-1.81843
9.5	-9.3	0.908483	-2.72543
9.55	-9.45	0.908475	-2.72542
9.6	-9.6	0.909756	-2.72927
9.65	-9.75	0.909739	-2.72923
9.7	-9.9	0.998626	-2.99586
9.75	-10.05	0.998616	-2.99584
9.75	-10.2	0	-2.72857
9.75	-10.35	0	-2.72854
9.8	-10.5	0.909773	-2.7293
9.85	-10.65	0.909773	-2.7293
9.85	-10.8	0	-2.72846
9.85	-10.95	0	-2.72844
9.85	-11.1	0	-2.72748
9.85	-11.25	0	-2.72745
9.85	-11.4	0	-2.9967
9.85	-11.55	0	-2.99671
9.8	-11.7	-0.909227	-2.72768
9.75	-11.85	-0.909218	-2.72765
9.7	-12	-0.908714	-2.72613
9.65	-12.15	-0.908706	-2.7261
9.6	-12.25	-0.909639	-1.81931
9.55	-12.35	-0.90964	-1.8193
9.45	-12.45	-1.81824	-1.81825
9.35	-12.55	-1.81823	-1.81823
9.2	-12.65	-2.72578	-1.81718
9.05	-12.75	-2.72576	-1.81717
8.95	-12.85	-1.8192	-1.81921
8.85	-12.95	-1.81921	-1.81921
8.7	-13.05	-2.72781	-1.81854
8.55	-13.15	-2.7278	-1.81853
8.4	-13.15	-2.72644	0
8.25	-13.15	-2.72641	0
8.1	-13.15	-3.00083	0
7.95	-13.15	-3.00084	0
7.8	-13.2	-2.72553	-0.908516
7.65	-13.25	-2.72554	-0.908516
7.5	-13.2	-2.72544	0.908483
7.35	-13.15	-2.72544	0.908483
7.2	-13.15	-2.73035	0
7.05	-13.15	-2.73035	0
6.85	-13.15	-3.63616	0
6.65	-13.15	-3.63617	0
6.55	-13.15	-1.81656	0
6.45	-13.15	-1.81657	0
6.3	-13.1	-2.73109	0.910352
6.15	-13.05	-2.73109	0.91036
6	-12.95	-2.72331	1.81553
5.85	-12.85	-2.72331	1.81554
5.7	-12.8	-2.72842	0.909475
5.55	-12.75	-2.72839	0.909466
5.4	-12.65	-2.731	1.82067
5.25	-12.55	-2.731	1.82066
5.15	-12.45	-1.81821	1.8182
5.05	-12.35	-1.8182	1.8182
4.95	-12.25	-1.99957	1.99957
4.85	-12.15	-1.99954	1.99955
4.8	-12.05	-0.999954	1.99993
4.75	-11.95	-0.999959	1.99992
4.65	-11.8	-2.0002	3.00031
4.55	-11.65	-2.0002	3.0003
4.55	-11.55	0	1.99749
4.55	-11.45	0	1.99746
4.5	-11.25	-0.90916	3.63662
4.45	-11.05	-0.909152	3.63659
4.45	-10.95	0	1.81807
4.45	-10.85	0	1.81808
4.45	-10.7	0	2.72865
4.45	-10.55	0	2.72864
4.45	-10.4	0	2.72392
4.45	-10.25	0	2.72391
4.5	-10.1	0.909624	2.72885
4.55	-9.95	0.909615	2.72884
4.6	-9.8	0.909111	2.72733
4.65	-9.65	0.909107	2.72732
4.75	-9.5	1.81921	2.7288
4.85	-9.35	1.81921	2.7288
4.9	-9.2	0.908739	2.72622
4.95	-9.05	0.908743	2.72623
5.05	-8.95	1.8169	1.81688
5.15	-8.85	1.81688	1.81688
5.25	-8.7	1.8201	2.73014
5.35	-8.55	1.82008	2.73013
5.4	-8.45	0.910244	1.82049
5.45	-8.35	0.910249	1.8205
5.55	-8.2	1.99657	2.99484
5.65	-8.05	1.99657	2.99485
5.75	-7.95	1.81871	1.81872
5.85	-7.85	1.81871	1.81871
6	-7.75	2.72961	1.81974
6.15	-7.65	2.72961	1.81974
6.25	-7.55	1.9992	1.9992
6.35	-7.45	1.99918	1.99918
6.45	-7.35	1.81911	1.81911
6.55	-7.25	1.81909	1.81909
6.65	-7.15	1.99996	1.99996
6.75	-7.05	1.99996	1.99996
6.85	-7	1.99752	0.998765
6.95	-6.95	1.99752	0.998765
7.1	-6.85	2.73035	1.82023
7.25	-6.75	2.73035	1.82023
7.35	-6.65	2.0006	2.0006
7.45	-6.55	2.00058	2.00058
7.55	-6.5	1.99841	0.999204
7.65	-6.45	1.99838	0.999195
7.8	-6.4	2.99952	0.999844
7.95	-6.35	2.99949	0.999829
8.05	-6.25	1.81603	1.81603
8.15	-6.15	1.81603	1.81603
8.25	-6.05	1.81921	1.81921
8.35	-5.95	1.81921	1.81921
8.5	-5.9	2.729	0.909673
8.65	-5.85	2.72898	0.909661
8.8	-5.75	2.72771	1.81848
8.95	-5.65	2.72772	1.81848
9.05	-5.55	1.99939	1.9994
9.15	-5.45	1.9994	1.9994
9.25	-5.4	1.81776	0.90888
9.35	-5.35	1.81776	0.908875
9.45	-5.2	1.81545	2.72317
9.55	-5.05	1.81542	2.72314
9.65	-4.95	1.82145	1.82147
9.75	-4.85	1.82146	1.82146
9.85	-4.75	1.81961	1.8196
9.95	-4.65	1.8196	1.8196
10.05	-4.55	1.99827	1.99828
10.15	-4.45	1.99826	1.99826
10.25	-4.3	1.81693	2.72538
10.35	-4.15	1.81692	2.72536
10.45	-4.05	1.81951	1.8195
10.55	-3.95	1.8195	1.81951
10.65	-3.85	1.81817	1.81818
10.75	-3.75	1.81816	1.81817
10.85	-3.6	1.81621	2.7243
10.95	-3.45	1.8162	2.7243
11	-3.3	0.908632	2.72588
11.05	-3.15	0.908632	2.72588
11.1	-3	0.909905	2.72971
11.15	-2.85	0.909888	2.72968
11.15	-2.7	0	2.72847
11.15	-2.55	0	2.72844
11.15	-2.4	0	2.72732
11.15	-2.25	0	2.72732
11.25	-2.1	1.81905	2.72856
11.35	-1.95	1.81905	2.72856
11.3	-1.8	-0.90916	2.72747
11.25	-1.65	-0.909152	2.72745
11.25	-1.5	0	2.72321
11.25	-1.35	0	2.72321
11.2	-1.2	-0.909524	2.72856
11.15	-1.05	-0.909524	2.72856
11.05	-0.9	-1.81945	2.72916
10.95	-0.75	-1.81942	2.72913
10.9	-0.599999	-0.909839	2.72952
10.85	-0.449999	-0.909822	2.72949
10.7	-0.349999	-2.99538	1.99692
10.55	-0.25	-2.99539	1.99691
10.45	-0.2	-1.81715	0.908579
10.35	-0.15	-1.81716	0.908579
10.2	-0.0999996	-2.73194	0.910655
10.05	-0.0499992	-2.73194	0.910655
9.9	9.49949e-07	-2.72481	0.908268
9.75	0.0500011	-2.72477	0.90826
9.65	0.100001	-1.81759	0.908784
9.55	0.15	-1.81757	0.908775
9.4	0.15	-2.72659	0
9.25	0.15	-2.72658	0
9.1	0.2	-2.72925	0.909752
8.95	0.25	-2.72926	0.909752
8.8	0.25	-2.72783	0
8.65	0.25	-2.7278	0
8.5	0.25	-2.72395	0
8.35	0.25	-2.72395	0
8.2	0.2	-2.73278	-0.910929
8.05	0.15	-2.73279	-0.910929
7.85	0.15	-3.9992	0
7.65	0.15	-3.99916	0
7.55	0.15	-1.99868	0
7.45	0.15	-1.99866	0
7.3	0.100001	-2.72622	-0.908734
7.15	0.0500011	-2.72623	-0.908734
7.05	-0.0499995	-1.81887	-1.81889
6.95	-0.15	-1.81888	-1.81889
6.85	-0.25	-1.81792	-1.81792
6.75	-0.35	-1.81792	-1.81792
6.65	-0.45	-1.81881	-1.8188
6.55	-0.549999	-1.81879	-1.81878
6.45	-0.749999	-1.81971	-3.63941
6.35	-0.949999	-1.81969	-3.63937
6.35	-1.1	0	-2.99522
6.35	-1.25	0	-2.99519
6.35	-1.4	0	-2.72817
6.35	-1.55	0	-2.72817
6.35	-1.7	0	-2.72628
6.35	-1.85	0	-2.72628
6.35	-2	0	-2.73154
6.35	-2.15	0	-2.73152
6.35	-2.3	0	-2.99503
6.35	-2.45	0	-2.99503
6.4	-2.6	0.909996	-2.73
6.45	-2.75	0.91	-2.73
6.5	-2.9	0.907593	-2.72277
6.55	-3.05	0.907584	-2.72274
6.55	-3.25	0	-3.63617
6.55	-3.45	0	-3.63613
6.6	-3.6	0.909673	-2.72901
6.65	-3.75	0.909661	-2.72898
6.75	-3.85	1.81795	-1.81795
6.85	-3.95	1.81793	-1.81793
6.9	-4.15	0.909979	-3.63994
6.95	-4.35	0.909975	-3.6399
7	-4.45	0.907889	-1.81577
7.05	-4.55	0.907881	-1.81576
7.1	-4.7	0.909789	-2.72935
7.15	-4.85	0.909777	-2.72933
7.25	-5	1.81861	-2.72792
7.35	-5.15	1.81859	-2.72789
7.4	-5.3	0.999994	-3
7.45	-5.45	0.999999	-3
7.55	-5.55	1.81749	-1.81749
7.65	-5.65	1.81747	-1.81747
7.7	-5.8	0.909598	-2.72881
7.75	-5.95	0.909594	-2.72878
7.85	-6.05	1.81964	-1.81964
7.95	-6.15	1.81962	-1.81962
8.05	-6.3	1.99731	-2.99599
8.15	-6.45	1.99732	-2.99598
8.2	-6.55	0.909111	-1.81822
8.25	-6.65	0.909111	-1.81822
8.3	-6.8	0.90845	-2.72534
8.35	-6.95	0.908442	-2.72531
8.45	-7.1	1.81925	-2.72886
8.55	-7.25	1.81924	-2.72886
8.65	-7.35	1.82079	-1.8208
8.75	-7.45	1.8208	-1.8208
8.8	-7.6	0.997629	-2.99288
8.85	-7.75	0.997629	-2.99288
8.9	-7.9	0.909127	-2.72742
8.95	-8.05	0.909127	-2.7274
9	-8.15	0.909524	-1.81903
9.05	-8.25	0.909516	-1.81902
9.1	-8.4	0.909922	-2.72975
9.15	-8.55	0.909913	-2.72976
9.25	-8.7	1.8169	-2.72535
9.35	-8.85	1.81688	-2.72532
9.4	-9	0.910219	-2.73069
9.45	-9.15	0.910228	-2.73069
9.5	-9.3	0.997908	-2.99371
9.55	-9.45	0.997908	-2.99372
9.6	-9.55	0.909971	-1.81993
9.65	-9.65	0.909954	-1.81992
9.65	-9.8	0	-2.73054
9.65	-9.95	0	-2.73053
9.7	-10.1	0.998187	-2.99456
9.75	-10.25	0.998187	-2.99455
9.8	-10.4	0.909806	-2.7294
9.85	-10.55	0.909797	-2.72938
9.85	-10.7	0	-2.72718
9.85	-10.85	0	-2.72715
9.85	-11	0	-2.72395
9.85	-11.15	0	-2.72395
9.85	-11.3	0	-2.73074
9.85	-11.45	0	-2.73075
9.85	-11.6	0	-2.72396
9.85	-11.75	0	-2.72396
9.8	-11.9	-1.0005	-3.00149
9.75	-12.05	-1.0005	-3.0015
9.65	-12.15	-1.81799	-1.81797
9.55	-12.25	-1.81797	-1.81797
9.45	-12.4	-1.82042	-2.73064
9.35	-12.55	-1.82041	-2.73063
9.25	-12.65	-1.99893	-1.99891
9.15	-12.75	-1.99891	-1.9989
9.05	-12.85	-1.81839	-1.81839
8.95	-12.95	-1.81838	-1.81838
8.8	-13	-2.72942	-0.909806
8.65	-13.05	-2.72941	-0.909806
8.5	-13.15	-2.99987	-1.99991
8.35	-13.25	-2.99984	-1.9999
8.25	-13.2	-1.99797	0.998985
8.15	-13.15	-1.99797	0.998985
8	-13.2	-2.73	-0.910004
7.85	-13.25	-2.73	-0.910004
7.65	-13.25	-3.62957	0
7.45	-13.25	-3.62953	0
7.3	-13.25	-2.7301	0
7.15	-13.25	-2.73007	0
7	-13.25	-2.72703	0
6.85	-13.25	-2.727	0
6.7	-13.2	-2.72742	0.909144
6.55	-13.15	-2.72742	0.909144
6.4	-13.1	-2.72703	0.908994
6.25	-13.05	-2.727	0.908995
6.1	-13	-2.73	0.910004
5.95	-12.95	-2.72998	0.909996
5.8	-12.9	-2.99275	0.99759
5.65	-12.85	-2.99275	0.99758
5.55	-12.75	-1.81993	1.81994
5.45	-12.65	-1.81994	1.81994
5.35	-12.55	-1.81722	1.81723
5.25	-12.45	-1.81721	1.81721
5.1	-12.35	-2.72881	1.8192
4.95	-12.25	-2.72881	1.81921
4.9	-12.15	-0.908467	1.81693
4.85	-12.05	-0.908462	1.81692
4.75	-11.9	-1.81788	2.72684
4.65	-11.75	-1.81788	2.72683
4.6	-11.65	-0.909963	1.81994
4.55	-11.55	-0.909959	1.81992
4.5	-11.35	-0.909227	3.63689
4.45	-11.15	-0.909218	3.63686
4.4	-11.05	-0.909227	1.81845
4.35	-10.95	-0.909222	1.81844
4.4	-10.8	0.9094	2.72823
4.45	-10.65	0.909396	2.72819
4.45	-10.5	0	3.00113
4.45	-10.35	0	3.00113
4.5	-10.2	0.999524	2.99855
4.55	-10.05	0.999524	2.99856
4.6	-9.9	0.998267	2.9948
4.65	-9.75	0.998262	2.99479
4.7	-9.65	0.910924	1.82187
4.75	-9.55	0.910928	1.82186
4.8	-9.4	0.908038	2.72411
4.85	-9.25	0.908033	2.7241
4.95	-9.1	1.81851	2.72776
5.05	-8.95	1.81852	2.72777
5.15	-8.8	1.8165	2.72476
5.25	-8.65	1.8165	2.72475
5.35	-8.55	1.82159	1.8216
5.45	-8.45	1.82157	1.82157
5.5	-8.35	0.908054	1.81609
5.55	-8.25	0.908054	1.8161
5.7	-8.15	2.72851	1.81902
5.85	-8.05	2.72849	1.81899
5.95	-7.9	1.81851	2.72777
6.05	-7.75	1.81852	2.72777
6.15	-7.65	1.81739	1.81739
6.25	-7.55	1.81739	1.81739
6.35	-7.45	1.8164	1.81641
6.45	-7.35	1.81638	1.81638
6.6	-7.25	2.72856	1.81904
6.75	-7.15	2.72856	1.81904
6.85	-7.05	1.82066	1.82066
6.95	-6.95	1.82065	1.82065
7.1	-6.85	2.99976	1.99984
7.25	-6.75	2.99976	1.99984
7.3	-6.65	0.999384	1.99876
7.35	-6.55	0.999369	1.99874
7.5	-6.55	2.72747	0
7.65	-6.55	2.72745	0
7.75	-6.45	1.81623	1.81624
7.85	-6.35	1.81623	1.81624
8	-6.3	2.72648	0.908821
8.15	-6.25	2.72645	0.908817
8.25	-6.1	1.81898	2.72847
8.35	-5.95	1.81897	2.72844
8.5	-5.9	2.72647	0.90883
8.65	-5.85	2.72645	0.908817
8.75	-5.75	1.81789	1.81788
8.85	-5.65	1.81789	1.81788
9	-5.55	2.73109	1.82073
9.15	-5.45	2.73106	1.82072
9.25	-5.35	1.81796	1.81795
9.35	-5.25	1.81794	1.81793
9.5	-5.15	2.72905	1.81937
9.65	-5.05	2.72903	1.81935
9.7	-4.95	0.998666	1.99733
9.75	-4.85	0.998656	1.99731
9.85	-4.75	1.8172	1.81719
9.95	-4.65	1.81717	1.81717
10.05	-4.55	1.82042	1.82043
10.15	-4.45	1.82041	1.82042
10.3	-4.35	2.72672	1.81782
10.45	-4.25	2.7267	1.8178
10.5	-4.1	0.908764	2.72628
10.55	-3.95	0.908764	2.72628
10.65	-3.8	1.8194	2.72911
10.75	-3.65	1.81939	2.72908
10.85	-3.55	1.81839	1.81838
10.95	-3.45	1.81838	1.81838
11	-3.3	0.908549	2.72563
11.05	-3.15	0.908549	2.72564
11.1	-3	0.90888	2.72663
11.15	-2.85	0.908863	2.72661
11.2	-2.7	0.909988	2.72995
11.25	-2.55	0.909988	2.72995
11.2	-2.4	-0.907692	2.72306
11.15	-2.25	-0.907683	2.72304
11.25	-2.1	1.8219	2.73284
11.35	-1.95	1.82188	2.73281
11.35	-1.8	0	2.71996
11.35	-1.65	0	2.71993
11.35	-1.5	0	2.73448
11.35	-1.35	0	2.73446
11.25	-1.2	-1.99969	2.99952
11.15	-1.05	-1.99967	2.99949
11.1	-0.9	-1.00006	3.00024
11.05	-0.75	-1.00006	3.00021
10.95	-0.649999	-1.81771	1.81773
10.85	-0.549999	-1.81772	1.81773
10.75	-0.45	-1.81842	1.8184
10.65	-0.35	-1.8184	1.81839
10.5	-0.25	-3.00035	2.00024
10.35	-0.15	-3.00032	2.00022
10.25	-0.0999996	-2.00053	1.00027
10.15	-0.0499992	-2.00053	1.00027
10.05	9.49949e-07	-2.00009	1.00004
9.95	0.0500011	-2.00006	1.00003
9.8	0.0500011	-3.00025	0
9.65	0.0500011	-3.00024	0
9.5	0.100001	-2.99825	0.999409
9.35	0.15	-2.99825	0.999409
9.25	0.15	-1.81915	0
9.15	0.15	-1.81913	0
9	0.2	-2.99927	0.99976
8.85	0.25	-2.99927	0.99976
8.7	0.25	-2.99873	0
8.55	0.25	-2.99871	0
8.4	0.25	-2.72872	0
8.25	0.25	-2.72871	0
8.1	0.2	-2.99909	-0.9997
7.95	0.15	-2.9991	-0.9997
7.8	0.15	-3.00101	0
7.65	0.15	-3.00099	0
7.5	0.100001	-2.72698	-0.908982
7.35	0.0500011	-2.72695	-0.908974
7.25	9.49949e-07	-2.00032	-1.00016
7.15	-0.0499992	-2.0003	-1.00015
7	-0.15	-2.72534	-1.8169
6.85	-0.25	-2.72532	-1.81688
6.8	-0.349999	-1.00053	-2.00107
6.75	-0.449999	-1.00054	-2.00107
6.65	-0.549999	-2.00016	-2.00017
6.55	-0.65	-2.00016	-2.00017
6.5	-0.799999	-0.999884	-2.99963
6.45	-0.949999	-0.999884	-2.99963
6.4	-1.1	-0.999984	-2.99995
6.35	-1.25	-0.999969	-2.99992
6.35	-1.4	0	-3.00132
6.35	-1.55	0	-3.00129
6.35	-1.65	0	-1.81769
6.35	-1.75	0	-1.81769
6.35	-1.95	0	-3.99976
6.35	-2.15	0	-3.99972
6.35	-2.25	0	-2
6.35	-2.35	0	-1.99998
6.35	-2.5	0	-3
6.35	-2.65	0	-3
6.4	-2.8	1.00003	-3.00012
6.45	-2.95	1.00003	-3.00009
6.5	-3.15	0.999284	-3.99712
6.55	-3.35	0.999284	-3.99712
6.6	-3.45	0.909922	-1.81983
6.65	-3.55	0.909917	-1.81984
6.7	-3.7	0.999335	-2.99802
6.75	-3.85	0.99934	-2.99802
6.8	-4	0.908549	-2.72564
6.85	-4.15	0.908537	-2.72561
6.9	-4.25	0.90988	-1.81977
6.95	-4.35	0.909876	-1.81975
7	-4.5	1.00008	-3.00024
7.05	-4.65	1.00008	-3.00024
7.15	-4.8	1.99984	-2.99976
7.25	-4.95	1.99984	-2.99976
7.3	-5.05	1.00028	-2.00057
7.35	-5.15	1.00028	-2.00056
7.4	-5.3	1.00003	-3.00012
7.45	-5.45	1.00004	-3.00012
7.55	-5.55	1.99961	-1.99961
7.65	-5.65	1.9996	-1.9996
7.7	-5.8	1.00027	-3.00084
7.75	-5.95	1.00028	-3.00084
7.85	-6.05	1.9998	-1.99981
7.95	-6.15	1.9998	-1.9998
8	-6.25	1.00004	-2.00008
8.05	-6.35	1.00004	-2.00008
8.15	-6.5	1.99951	-2.99928
8.25	-6.65	1.9995	-2.99925
8.3	-6.75	0.90921	-1.81841
8.35	-6.85	0.90921	-1.81841
8.4	-7	1.0001	-3.00036
8.45	-7.15	1.00011	-3.00036
8.55	-7.25	1.99907	-1.99908
8.65	-7.35	1.99908	-1.99908
8.7	-7.5	1.00058	-3.00174
8.75	-7.65	1.00057	-3.00171
8.8	-7.75	0.999844	-1.99968
8.85	-7.85	0.999844	-1.99968
8.95	-8	2.00017	-3.00024
9.05	-8.15	2.00014	-3.00021
9.1	-8.25	0.998905	-1.99781
9.15	-8.35	0.998886	-1.99779
9.2	-8.5	0.908863	-2.72657
9.25	-8.65	0.908855	-2.72655
9.3	-8.8	0.909475	-2.72841
9.35	-8.95	0.909466	-2.72839
9.4	-9.1	0.999765	-2.99935
9.45	-9.25	0.999774	-2.99934
9.5	-9.35	0.908962	-1.81792
9.55	-9.45	0.908954	-1.8179
9.6	-9.6	0.909988	-2.72996
9.65	-9.75	0.909971	-2.72993
9.7	-9.9	0.907972	-2.7239
9.75	-10.05	0.907972	-2.72391
9.75	-10.2	0	-2.73106
9.75	-10.35	0	-2.73105
9.8	-10.5	1	-2.99999
9.85	-10.65	0.999994	-2.99996
9.85	-10.8	0	-3.00047
9.85	-10.95	0	-3.00048
9.85	-11.05	0	-1.9956
9.85	-11.15	0	-1.99559
9.85	-11.3	0	-2.73184
9.85	-11.45	0	-2.73182
9.8	-11.6	-0.998566	-2.9957
9.75	-11.75	-0.998566	-2.99569
9.75	-11.9	0	-2.73084
9.75	-12.05	0	-2.73085
9.65	-12.2	-1.81598	-2.72396
9.55	-12.35	-1.81597	-2.72396
9.45	-12.45	-1.82132	-1.82133
9.35	-12.55	-1.82131	-1.82131
9.3	-12.65	-0.908038	-1.81606
9.25	-12.75	-0.908029	-1.81605
9.05	-12.85	-3.64007	-1.82004
8.85	-12.95	-3.64007	-1.82003
8.75	-13	-1.9959	-0.997948
8.65	-13.05	-1.9959	-0.997948
8.5	-13.1	-2.73149	-0.910502
8.35	-13.15	-2.73146	-0.910485
8.2	-13.2	-2.72385	-0.907955
8.05	-13.25	-2.72383	-0.907947
7.9	-13.25	-2.72673	0
7.75	-13.25	-2.72673	0
7.6	-13.25	-2.72991	0
7.45	-13.25	-2.72991	0
7.25	-13.2	-3.63887	0.909723
7.05	-13.15	-3.63887	0.909723
6.9	-13.15	-2.72312	0
6.75	-13.15	-2.72312	0
6.6	-13.15	-3.00475	0
6.45	-13.15	-3.00472	0
6.35	-13.1	-1.9976	0.998786
6.25	-13.05	-1.99758	0.998786
6.1	-13	-2.72732	0.909111
5.95	-12.95	-2.72732	0.909111
5.8	-12.9	-2.72895	0.909657
5.65	-12.85	-2.72896	0.909648
5.55	-12.75	-1.81808	1.81809
5.45	-12.65	-1.81809	1.81809
5.3	-12.55	-2.7236	1.81575
5.15	-12.45	-2.72358	1.81572
5.05	-12.35	-1.81967	1.81966
4.95	-12.25	-1.81967	1.81967
4.85	-12.1	-1.81844	2.72766
4.75	-11.95	-1.81844	2.72767
4.7	-11.85	-0.909557	1.8191
4.65	-11.75	-0.909553	1.81911
4.6	-11.6	-0.907782	2.72335
4.55	-11.45	-0.907778	2.72334
4.5	-11.25	-0.910253	3.64099
4.45	-11.05	-0.910253	3.64099
4.45	-10.95	0	1.81804
4.45	-10.85	0	1.81805
4.45	-10.75	0	1.81614
4.45	-10.65	0	1.81614
4.45	-10.45	0	3.6396
4.45	-10.25	0	3.6396
4.5	-10.1	0.910021	2.73005
4.55	-9.95	0.910013	2.73003
4.6	-9.8	0.999085	2.99725
4.65	-9.65	0.99908	2.99724
4.7	-9.55	0.910095	1.82021
4.75	-9.45	0.910091	1.82018
4.85	-9.3	1.99828	2.99743
4.95	-9.15	1.99826	2.99739
5	-9	0.908384	2.72514
5.05	-8.85	0.908384	2.72514
5.15	-8.75	1.81679	1.8168
5.25	-8.65	1.81679	1.8168
5.35	-8.5	1.82017	2.73024
5.45	-8.35	1.82015	2.73022
5.55	-8.25	1.81852	1.81852
5.65	-8.15	1.8185	1.8185
5.75	-8.05	1.81752	1.81753
5.85	-7.95	1.81752	1.81752
5.95	-7.85	1.8194	1.8194
6.05	-7.75	1.81941	1.8194
6.15	-7.6	1.81742	2.72613
6.25	-7.45	1.8174	2.72611
6.4	-7.35	2.7248	1.81653
6.55	-7.25	2.72477	1.81651
6.65	-7.2	1.81957	0.909789
6.75	-7.15	1.81957	0.909785
6.9	-7.05	2.72946	1.81964
7.05	-6.95	2.72946	1.81964
7.15	-6.85	1.81554	1.81554
7.25	-6.75	1.81554	1.81554
7.35	-6.65	1.82007	1.82007
7.45	-6.55	1.82005	1.82005
7.6	-6.5	2.72628	0.908764
7.75	-6.45	2.72628	0.908764
7.85	-6.4	1.81656	0.908285
7.95	-6.35	1.81656	0.908281
8.1	-6.25	2.73006	1.82003
8.25	-6.15	2.73005	1.82003
8.4	-6.05	2.72692	1.81795
8.55	-5.95	2.7269	1.81794
8.65	-5.85	1.81844	1.81844
8.75	-5.75	1.81843	1.81843
8.9	-5.65	2.72464	1.81643
9.05	-5.55	2.72465	1.81643
9.15	-5.45	1.81916	1.81918
9.25	-5.35	1.81916	1.81916
9.35	-5.3	1.81895	0.909466
9.45	-5.25	1.81894	0.90947
9.55	-5.1	1.81986	2.72981
9.65	-4.95	1.81987	2.72981
9.75	-4.85	1.81736	1.81735
9.85	-4.75	1.81736	1.81735
9.95	-4.65	1.81806	1.81805
10.05	-4.55	1.81805	1.81805
10.2	-4.45	2.72609	1.8174
10.35	-4.35	2.72606	1.81737
10.4	-4.2	0.908945	2.72688
10.45	-4.05	0.908953	2.72687
10.55	-3.95	1.81903	1.81904
10.65	-3.85	1.81902	1.81903
10.75	-3.7	1.81931	2.72896
10.85	-3.55	1.81931	2.72896
10.9	-3.4	0.999745	2.99928
10.95	-3.25	0.999754	2.99928
11.05	-3.15	1.81764	1.81765
11.15	-3.05	1.81763	1.81764
11.2	-2.9	0.909657	2.72896
11.25	-2.75	0.909648	2.72893
11.2	-2.6	-0.998725	2.99617
11.15	-2.45	-0.998725	2.99616
11.2	-2.3	0.908813	2.72643
11.25	-2.15	0.908805	2.7264
11.3	-2	0.909855	2.72956
11.35	-1.85	0.909847	2.72953
