R	8.46642	0.0287602	-3.04035	1477010443399637
L	8.44818	0.251553	1477010443449633
R	8.57101	0.0282318	-0.0105258	1477010443499690
L	8.45582	0.253997	1477010443549747
R	8.42927	0.0301427	-1.85813	1477010443604698
L	8.23962	0.24916	1477010443659650
R	7.9351	0.0237437	-3.81077	1477010443709653
L	7.84073	0.159858	1477010443759657
R	7.61428	0.0204653	-3.22052	1477010443809660
L	7.54016	0.159641	1477010443859663
R	7.50876	0.0127032	-1.89765	1477010443914714
L	7.3426	0.0345312	1477010443969766
R	7.20598	0.000683772	-2.79536	1477010444024741
L	7.05406	-0.0533413	1477010444079717
R	6.74737	-0.0212224	-1.67069	1477010444134693
L	6.84972	-0.258748	1477010444189670
R	6.67866	-0.0519302	-2.02379	1477010444239651
L	6.64329	-0.462604	1477010444289632
R	6.63205	-0.0840904	-0.81497	1477010444339690
L	6.56029	-0.650892	1477010444389748
R	6.46217	-0.130812	-0.356062	1477010444444769
L	6.45805	-1.05268	1477010444499791
R	6.49021	-0.179219	-1.23944	1477010444554767
L	6.25499	-1.25007	1477010444609744
R	6.59968	-0.226407	1.73835	1477010444664705
L	6.36328	-1.65656	1477010444719667
R	6.57796	-0.279439	-0.211523	1477010444769692
L	6.24641	-1.95075	1477010444819718
R	6.66141	-0.322252	1.75689	1477010444869719
L	6.34644	-2.23829	1477010444919720
R	6.76596	-0.36264	0.855484	1477010444974743
L	6.34927	-2.55175	1477010445029767
R	6.98232	-0.399959	1.89805	1477010445084742
L	6.43257	-2.84245	1477010445139717
R	7.12938	-0.43502	1.4149	1477010445189758
L	6.44119	-3.14955	1477010445239799
R	7.31886	-0.470836	2.21289	1477010445294720
L	6.5453	-3.45745	1477010445349641
R	7.5456	-0.49614	2.70911	1477010445404670
L	6.76011	-3.75457	1477010445459700
R	7.884	-0.521437	2.20619	1477010445514767
L	6.85997	-4.05805	1477010445569835
R	8.04387	-0.547179	2.23987	1477010445624820
L	6.94332	-4.34473	1477010445679806
R	8.3635	-0.567708	1.67528	1477010445734748
L	7.04099	-4.55018	1477010445789690
R	8.50541	-0.582556	2.23409	1477010445844738
L	7.14735	-4.86125	1477010445899786
R	8.88902	-0.604494	3.05765	1477010445954759
L	7.30424	-5.15404	1477010446009732
R	8.97814	-0.622421	2.42827	1477010446064786
L	7.44737	-5.45308	1477010446119841
R	9.4762	-0.63468	2.54048	1477010446174794
L	7.64356	-5.66706	1477010446229748
R	9.53172	-0.647271	2.40306	1477010446284703
L	7.7342	-5.95374	1477010446339659
R	9.89957	-0.659824	3.5853	1477010446389694
L	7.95703	-6.24328	1477010446439730
R	10.4099	-0.66785	2.53218	1477010446494754
L	8.15891	-6.45335	1477010446549779
R	10.3865	-0.678464	2.50771	1477010446604767
L	8.25411	-6.74791	1477010446659755
R	10.6843	-0.687607	2.70793	1477010446714702
L	8.44494	-6.95805	1477010446769649
R	10.9406	-0.696337	2.56416	1477010446819646
L	8.54925	-7.24433	1477010446869643
R	11.3727	-0.707378	3.44956	1477010446919691
L	8.73559	-7.5421	1477010446969739
R	11.7598	-0.716035	2.04742	1477010447024687
L	8.84538	-7.75497	1477010447079636
R	11.8789	-0.726017	2.80161	1477010447129681
L	8.95966	-8.0381	1477010447179726
R	11.9442	-0.735521	1.86678	1477010447234713
L	9.05896	-8.24314	1477010447289701
R	12.4893	-0.745345	2.79706	1477010447339681
L	9.15332	-8.54857	1477010447389662
R	12.6764	-0.755304	1.92258	1477010447444637
L	9.24541	-8.76863	1477010447499613
R	13.0018	-0.765199	4.2891	1477010447549622
L	9.44703	-9.15328	1477010447599631
R	13.2646	-0.772362	2.209	1477010447649652
L	9.54157	-9.35195	1477010447699673
R	13.3655	-0.782802	2.24797	1477010447749669
L	9.54779	-9.64959	1477010447799666
R	13.8483	-0.794831	2.85181	1477010447849716
L	9.64606	-9.9341	1477010447899766
R	13.8368	-0.803954	1.95724	1477010447954720
L	9.73801	-10.1396	1477010448009675
R	14.4307	-0.812263	2.35389	1477010448059664
L	9.75524	-10.4732	1477010448109654
R	14.3135	-0.824455	2.63112	1477010448164710
L	9.85048	-10.7526	1477010448219767
R	14.7429	-0.835956	1.92166	1477010448274697
L	9.83614	-11.041	1477010448329628
R	14.8851	-0.848604	2.27417	1477010448379634
L	9.84568	-11.3496	1477010448429641
R	15.2094	-0.863774	2.26264	1477010448479667
L	9.83206	-11.6307	1477010448529693
R	15.413	-0.877244	0.866545	1477010448579678
L	9.74928	-11.8442	1477010448629664
R	15.4054	-0.88995	1.77828	1477010448679644
L	9.65354	-12.1497	1477010448729625
R	15.7547	-0.905673	1.01994	1477010448779630
L	9.54859	-12.3478	1477010448829636
R	15.5466	-0.922266	0.369379	1477010448879685
L	9.36086	-12.5501	1477010448929734
R	15.7759	-0.936847	0.912459	1477010448984693
L	9.22134	-12.7613	1477010449039652
R	15.9017	-0.95744	-0.700602	1477010449089745
L	8.84161	-12.9519	1477010449139839
R	15.6195	-0.978773	-0.291637	1477010449194745
L	8.66358	-13.0431	1477010449249651
R	15.6995	-0.995246	-0.795374	1477010449299701
L	8.35763	-13.1557	1477010449349751
R	15.5295	-1.0123	-1.48799	1477010449404748
L	8.03583	-13.1513	1477010449459745
R	15.2205	-1.03051	-1.3479	1477010449514693
L	7.76538	-13.1647	1477010449569641
R	15.3557	-1.04843	-0.489357	1477010449619676
L	7.44786	-13.2517	1477010449669711
R	14.9523	-1.06755	-1.47147	1477010449724687
L	7.16011	-13.2382	1477010449779664
R	14.6741	-1.08244	-2.33868	1477010449829700
L	6.84891	-13.1493	1477010449879736
R	14.8668	-1.09768	-2.01344	1477010449934724
L	6.55759	-13.0679	1477010449989712
R	14.5623	-1.11566	-1.26682	1477010450044722
L	6.26174	-13.0534	1477010450099732
R	14.3675	-1.1322	-1.86783	1477010450154684
L	5.94198	-12.9494	1477010450209637
R	14.0957	-1.14684	-3.18942	1477010450259674
L	5.65107	-12.7365	1477010450309711
R	13.7247	-1.15804	-1.68433	1477010450364717
L	5.43839	-12.652	1477010450419723
R	13.5474	-1.17084	-2.84649	1477010450474743
L	5.1307	-12.4684	1477010450529764
R	13.369	-1.18389	-2.36817	1477010450584712
L	4.92985	-12.2499	1477010450639660
R	12.8878	-1.19328	-2.72149	1477010450689678
L	4.75915	-12.0666	1477010450739696
R	12.7991	-1.19553	-2.86727	1477010450794748
L	4.64378	-11.7442	1477010450849800
R	12.4969	-1.19406	-2.03943	1477010450904754
L	4.54975	-11.5706	1477010450959709
R	12.2162	-1.1958	-4.32322	1477010451009669
L	4.44059	-11.1496	1477010451059629
R	11.8835	-1.18814	-1.82178	1477010451114691
L	4.45136	-10.93	1477010451169754
R	11.6669	-1.1797	-2.64222	1477010451224789
L	4.45788	-10.6457	1477010451279824
R	11.4789	-1.17144	-2.50005	1477010451334789
L	4.44057	-10.3382	1477010451389755
R	11.1898	-1.15508	-2.26227	1477010451444763
L	4.54925	-10.0439	1477010451499772
R	10.9942	-1.13588	-2.23426	1477010451554732
L	4.63755	-9.74952	1477010451609692
R	10.4986	-1.11645	-2.34038	1477010451664722
L	4.74589	-9.4609	1477010451719753
R	10.592	-1.09073	-1.62445	1477010451774708
L	4.94849	-9.13867	1477010451829663
R	10.2398	-1.06602	-1.22863	1477010451879669
L	5.04121	-8.94979	1477010451929676
R	10.3027	-1.04083	-1.33508	1477010451984680
L	5.26887	-8.63564	1477010452039685
R	10.116	-1.01021	-0.66468	1477010452089696
L	5.44864	-8.42738	1477010452139708
R	10.1164	-0.988358	-0.754614	1477010452194711
L	5.53862	-8.24357	1477010452249714
R	9.81408	-0.957431	-0.747175	1477010452304738
L	5.85094	-7.95601	1477010452359763
R	9.834	-0.9229	-0.425811	1477010452414768
L	6.05986	-7.73559	1477010452469773
R	9.79397	-0.893547	-0.362809	1477010452524779
L	6.25659	-7.54336	1477010452579785
R	9.82626	-0.862628	-0.124766	1477010452634722
L	6.452	-7.36418	1477010452689660
R	9.61034	-0.830934	0.570221	1477010452739683
L	6.7556	-7.14598	1477010452789706
R	9.63222	-0.803469	-0.456175	1477010452844772
L	6.86356	-6.94732	1477010452899838
R	9.90965	-0.773882	0.725797	1477010452954812
L	7.15695	-6.75136	1477010453009787
R	9.90034	-0.741696	-0.0555249	1477010453064726
L	7.35505	-6.56058	1477010453119666
R	9.97586	-0.714582	1.59387	1477010453169672
L	7.65664	-6.46417	1477010453219678
R	9.95941	-0.690878	0.851221	1477010453274711
L	7.85193	-6.35845	1477010453329744
R	10.1984	-0.663884	0.962109	1477010453384703
L	8.13749	-6.14586	1477010453439663
R	10.1836	-0.632288	0.481433	1477010453489669
L	8.33626	-5.94674	1477010453539675
R	10.3458	-0.606064	1.70327	1477010453594661
L	8.65894	-5.86309	1477010453649647
R	10.4847	-0.579689	0.558938	1477010453704660
L	8.85444	-5.64273	1477010453759674
R	10.6216	-0.5556	0.704075	1477010453809760
L	9.05088	-5.45385	1477010453859847
R	10.4783	-0.529976	1.82891	1477010453914847
L	9.34223	-5.32623	1477010453969847
R	10.7468	-0.506831	0.586321	1477010454024848
L	9.55303	-5.13194	1477010454079850
R	11.0251	-0.485669	0.713422	1477010454134784
L	9.7586	-4.93134	1477010454189718
R	11.0505	-0.456323	0.657997	1477010454244791
L	9.95641	-4.74358	1477010454299865
R	10.9882	-0.426704	0.528965	1477010454354798
L	10.1428	-4.45119	1477010454409731
R	11.0542	-0.396158	0.638313	1477010454464746
L	10.3644	-4.16342	1477010454519762
R	11.372	-0.37096	1.28476	1477010454574770
L	10.5415	-3.9454	1477010454629779
R	11.3808	-0.345253	0.931803	1477010454684753
L	10.7616	-3.75002	1477010454739728
R	11.3814	-0.322404	0.133015	1477010454794687
L	10.8527	-3.46164	1477010454849647
R	11.4462	-0.292989	1.29006	1477010454899659
L	11.0447	-3.1561	1477010454949672
R	11.5123	-0.262561	0.101622	1477010455004755
L	11.1427	-2.86566	1477010455059839
R	11.4671	-0.236058	0.314142	1477010455114849
L	11.2525	-2.55311	1477010455169859
R	11.3669	-0.209323	-1.44784	1477010455224848
L	11.1594	-2.25598	1477010455279837
R	11.3977	-0.185161	1.33719	1477010455334808
L	11.3525	-1.95787	1477010455389780
R	11.4428	-0.157524	-0.25794	1477010455444718
L	11.3326	-1.67041	1477010455499657
R	11.156	-0.129749	-1.14303	1477010455549699
L	11.2595	-1.35818	1477010455599742
R	11.2341	-0.110312	-1.10131	1477010455654698
L	11.1524	-1.15803	1477010455709654
R	10.8931	-0.0853934	-2.22217	1477010455759700
L	10.9584	-0.728742	1477010455809746
R	10.881	-0.0609808	-1.03306	1477010455864779
L	10.8648	-0.553034	1477010455919813
R	10.8539	-0.0403174	-1.94494	1477010455974837
L	10.6542	-0.347474	1477010456029861
R	10.5091	-0.0233211	-3.0395	1477010456084847
L	10.3438	-0.150982	1477010456139833
R	10.4887	-0.00774292	-1.83176	1477010456194789
L	10.1537	-0.0482457	1477010456249746
R	9.92588	0.000398758	-2.61508	1477010456304681
L	9.85676	0.0351738	1477010456359617
R	9.63991	0.00607597	-2.70663	1477010456414675
L	9.54669	0.0374948	1477010456469734
R	9.3231	0.0120556	-2.76994	1477010456524725
L	9.24446	0.153574	1477010456579717
R	9.06362	0.022153	-2.70076	1477010456634732
L	8.94752	0.260272	1477010456689747
R	8.90542	0.0277555	-1.84439	1477010456744738
L	8.76016	0.263752	1477010456799730
R	8.46751	0.0305697	-3.6221	1477010456854787
L	8.35367	0.252596	1477010456909844
R	8.05524	0.0300307	-2.66869	1477010456964821
L	8.05411	0.247878	1477010457019798
R	7.78925	0.0264196	-2.568	1477010457074802
L	7.74339	0.144028	1477010457129807
R	7.77406	0.0124693	-2.72796	1477010457184718
L	7.45362	0.0452052	1477010457239629
R	7.15342	0.00594389	-3.09184	1477010457289664
L	7.16618	0.0287673	1477010457339699
R	7.1723	-0.00654331	-1.74878	1477010457394701
L	6.95426	-0.147757	1477010457449704
R	6.83466	-0.0366127	-1.79644	1477010457504756
L	6.76395	-0.345347	1477010457559809
R	6.76349	-0.0677279	-1.51625	1477010457614784
L	6.54569	-0.565853	1477010457669760
R	6.60824	-0.114463	-0.485037	1477010457724718
L	6.4494	-0.940848	1477010457779677
R	6.53751	-0.171029	-0.566473	1477010457829667
L	6.34405	-1.26138	1477010457879657
R	6.5388	-0.210302	-0.373814	1477010457929639
L	6.25356	-1.42931	1477010457979621
R	6.45227	-0.252379	0.843797	1477010458029740
L	6.23547	-1.75335	1477010458079860
R	6.69539	-0.29245	1.51218	1477010458134821
L	6.34873	-2.05372	1477010458189782
R	6.91179	-0.333634	0.908899	1477010458244771
L	6.36917	-2.33894	1477010458299761
R	6.75717	-0.381912	1.23154	1477010458354753
L	6.34287	-2.73391	1477010458409745
R	7.08951	-0.424996	2.12667	1477010458464759
L	6.43866	-3.06257	1477010458519773
R	7.23743	-0.457996	2.03836	1477010458574787
L	6.53579	-3.34211	1477010458629802
R	7.57641	-0.485339	2.0947	1477010458684825
L	6.64657	-3.63945	1477010458739849
R	7.7195	-0.517274	2.30516	1477010458794820
L	6.74885	-3.96368	1477010458849792
R	7.86967	-0.543033	2.16903	1477010458904824
L	6.85796	-4.25464	1477010458959856
R	8.40442	-0.563739	3.04353	1477010459014855
L	7.04679	-4.55716	1477010459069854
R	8.42068	-0.584245	2.43749	1477010459124748
L	7.13435	-4.85502	1477010459179643
R	8.79053	-0.601801	2.18989	1477010459229626
L	7.25317	-5.04605	1477010459279610
R	8.83775	-0.614588	3.42131	1477010459329670
L	7.43604	-5.34825	1477010459379730
R	9.16064	-0.628545	1.87661	1477010459434781
L	7.55662	-5.56714	1477010459489833
R	9.23072	-0.641835	2.97566	1477010459544843
L	7.76459	-5.8425	1477010459599853
R	9.88168	-0.653279	1.78226	1477010459654854
L	7.85921	-6.04502	1477010459709855
R	10.0026	-0.661119	2.97834	1477010459764809
L	8.05619	-6.36041	1477010459819764
R	10.5053	-0.671666	3.05024	1477010459874748
L	8.25446	-6.64851	1477010459929733
R	10.7287	-0.683001	1.92616	1477010459984740
L	8.31728	-6.8399	1477010460039747
R	10.7785	-0.696037	2.49181	1477010460094746
L	8.44183	-7.15372	1477010460149745
R	11.2099	-0.704456	3.11293	1477010460204765
L	8.65899	-7.4699	1477010460259785
R	11.7082	-0.715625	1.98212	1477010460314814
L	8.76769	-7.64094	1477010460369844
R	11.6937	-0.721585	3.12809	1477010460424744
L	8.95669	-7.95155	1477010460479645
R	12.2718	-0.734453	2.87621	1477010460529694
L	9.05476	-8.24211	1477010460579744
R	12.4149	-0.743549	1.7167	1477010460634793
L	9.14025	-8.44981	1477010460689843
R	12.6031	-0.750086	2.60268	1477010460744781
L	9.25031	-8.76071	1477010460799720
R	12.8797	-0.763778	2.57907	1477010460854694
L	9.34431	-9.04587	1477010460909668
R	13.1448	-0.77402	2.8177	1477010460959714
L	9.4452	-9.37195	1477010461009760
R	13.4009	-0.784169	2.57406	1477010461064723
L	9.55098	-9.64789	1477010461119686
R	13.6665	-0.79492	2.7101	1477010461169662
L	9.62408	-9.94149	1477010461219639
R	13.8463	-0.803265	2.26838	1477010461269700
L	9.7457	-10.1502	1477010461319762
R	14.223	-0.812853	1.76448	1477010461374737
L	9.76557	-10.4501	1477010461429713
R	14.5847	-0.825059	2.61823	1477010461484718
L	9.85066	-10.7537	1477010461539723
R	14.7085	-0.837569	2.00573	1477010461589670
L	9.85693	-11.0512	1477010461639618
R	14.7337	-0.847854	2.31145	1477010461689616
L	9.84407	-11.3565	1477010461739614
R	15.0821	-0.863946	2.42247	1477010461789682
L	9.83943	-11.6467	1477010461839750
R	15.2386	-0.875133	0.900904	1477010461894772
L	9.74774	-11.8511	1477010461949794
R	15.5821	-0.891812	1.52511	1477010462004764
L	9.64482	-12.1455	1477010462059735
R	15.5818	-0.909263	1.55806	1477010462114747
L	9.55167	-12.4583	1477010462169760
R	15.6094	-0.92684	0.530042	1477010462224703
L	9.359	-12.6499	1477010462279647
R	15.647	-0.945318	-0.172995	1477010462329639
L	9.028	-12.8337	1477010462379631
R	15.5629	-0.965203	-0.227325	1477010462434714
L	8.84257	-12.9684	1477010462489798
R	15.6346	-0.983091	-0.00852268	1477010462544716
L	8.55319	-13.1445	1477010462599634
R	15.4056	-1.00393	-1.71054	1477010462649687
L	8.25965	-13.1488	1477010462699741
R	15.3433	-1.01881	-0.506483	1477010462754745
L	7.95841	-13.2508	1477010462809750
R	15.5514	-1.04048	-1.31109	1477010462864705
L	7.62489	-13.249	1477010462919660
R	15.2679	-1.05671	-1.35977	1477010462969661
L	7.3419	-13.2474	1477010463019662
R	15.0325	-1.07149	-2.14048	1477010463074668
L	7.04935	-13.1606	1477010463129675
R	14.707	-1.09054	-1.80307	1477010463184664
L	6.65123	-13.1604	1477010463239653
R	14.7389	-1.11096	-2.29967	1477010463289643
L	6.35317	-13.0396	1477010463339633
R	14.5358	-1.1248	-0.815348	1477010463394660
L	6.14459	-13.0471	1477010463449687
R	14.2651	-1.13707	-2.63142	1477010463504660
L	5.86379	-12.8408	1477010463559633
R	14.0885	-1.15135	-2.17259	1477010463609635
L	5.55118	-12.7486	1477010463659638
R	13.857	-1.16639	-1.77211	1477010463709638
L	5.35556	-12.6423	1477010463759639
R	13.6105	-1.17364	-2.55514	1477010463809706
L	5.13769	-12.4355	1477010463859774
R	13.5812	-1.18332	-2.44489	1477010463914701
L	4.94432	-12.2438	1477010463969629
R	13.1093	-1.18836	-3.51972	1477010464019634
L	4.75047	-11.9578	1477010464069639
R	12.6605	-1.19538	-2.32022	1477010464119638
L	4.63967	-11.7513	1477010464169638
R	12.5025	-1.19544	-3.28171	1477010464219690
L	4.56619	-11.4576	1477010464269742
R	12.067	-1.19146	-3.21867	1477010464319689
L	4.46017	-11.1425	1477010464369636
R	11.9516	-1.19047	-1.86393	1477010464424678
L	4.43803	-10.9525	1477010464479720
R	11.5778	-1.18044	-2.7544	1477010464529697
L	4.45507	-10.6618	1477010464579674
R	11.4567	-1.17215	-1.64771	1477010464629664
L	4.45187	-10.4417	1477010464679655
R	11.1439	-1.15943	-2.22282	1477010464729676
L	4.55349	-10.1343	1477010464779698
R	10.9977	-1.14265	-2.49001	1477010464834700
L	4.55922	-9.84124	1477010464889703
R	10.7057	-1.12424	-1.78171	1477010464944669
L	4.7439	-9.53522	1477010464999636
R	10.4189	-1.09757	-2.33568	1477010465049633
L	4.8446	-9.24095	1477010465099631
R	10.4688	-1.07438	-0.809142	1477010465149630
L	5.02283	-9.03066	1477010465199629
R	10.323	-1.05092	-2.02017	1477010465249644
L	5.14109	-8.73073	1477010465299660
R	10.3067	-1.02629	-0.584474	1477010465354651
L	5.36408	-8.56805	1477010465409643
R	9.90444	-0.995544	-1.4781	1477010465459626
L	5.53874	-8.25196	1477010465509610
R	9.78462	-0.965647	-0.333006	1477010465559622
L	5.7459	-8.05196	1477010465609635
R	9.80473	-0.939805	-0.960882	1477010465659638
L	5.84978	-7.88144	1477010465709641
R	9.71238	-0.915003	-0.433286	1477010465759698
L	6.04031	-7.64732	1477010465809756
R	9.7524	-0.886108	-0.238878	1477010465864704
L	6.23866	-7.45306	1477010465919652
R	9.5193	-0.854097	0.571373	1477010465969718
L	6.55461	-7.24907	1477010466019784
R	9.83822	-0.825564	0.654754	1477010466074711
L	6.74664	-7.15616	1477010466129638
R	9.75541	-0.799682	-0.0700368	1477010466179676
L	6.95342	-6.96092	1477010466229715
R	9.98866	-0.768765	0.81251	1477010466284723
L	7.24929	-6.7261	1477010466339731
R	10.0188	-0.735659	0.0377937	1477010466394730
L	7.46332	-6.54842	1477010466449729
R	9.96291	-0.711687	0.751952	1477010466504757
L	7.65373	-6.46481	1477010466559785
R	10.1729	-0.687264	1.46825	1477010466614740
L	7.94162	-6.34466	1477010466669696
R	9.98859	-0.65929	0.432862	1477010466719684
L	8.12355	-6.14389	1477010466769672
R	10.2866	-0.629609	1.03301	1477010466824677
L	8.45315	-5.97158	1477010466879683
R	10.375	-0.605303	0.959092	1477010466929651
L	8.64207	-5.83392	1477010466979619
R	10.625	-0.579961	1.49575	1477010467029625
L	8.94256	-5.64534	1477010467079632
R	10.8081	-0.549553	0.759227	1477010467129707
L	9.15342	-5.45253	1477010467179782
R	10.5876	-0.523958	0.708015	1477010467234830
L	9.34852	-5.23619	1477010467289878
R	10.6878	-0.497879	0.724693	1477010467344757
L	9.54207	-5.04728	1477010467399636
R	10.8597	-0.480893	1.35607	1477010467449735
L	9.75	-4.94288	1477010467499834
R	11.0125	-0.457284	0.645184	1477010467554811
L	9.94502	-4.76247	1477010467609788
R	11.0854	-0.430334	0.501275	1477010467664743
L	10.1384	-4.4533	1477010467719699
R	11.0567	-0.402233	0.823486	1477010467774672
L	10.3492	-4.25956	1477010467829645
R	11.3494	-0.375162	0.778181	1477010467879630
L	10.5557	-3.96034	1477010467929615
R	11.455	-0.3466	1.31515	1477010467979624
L	10.7394	-3.74821	1477010468029634
R	11.3478	-0.321223	-0.147548	1477010468079642
L	10.8596	-3.4348	1477010468129651
R	11.4637	-0.297497	1.34361	1477010468179635
L	11.0504	-3.25128	1477010468229619
R	11.4488	-0.271915	0.00655611	1477010468279692
L	11.1569	-2.944	1477010468329766
R	11.4825	-0.245369	-0.702556	1477010468384690
L	11.141	-2.65084	1477010468439615
R	11.3918	-0.225176	-0.449848	1477010468494625
L	11.1497	-2.45904	1477010468549635
R	11.3915	-0.199406	1.24065	1477010468599702
L	11.3591	-2.05184	1477010468649769
R	11.4735	-0.168155	-0.239169	1477010468704758
L	11.3504	-1.8663	1477010468759748
R	11.5444	-0.147849	-0.188915	1477010468814741
L	11.3568	-1.53205	1477010468869734
R	11.3388	-0.12234	-1.27743	1477010468924749
L	11.2429	-1.24238	1477010468979764
R	11.1287	-0.0978734	-1.86279	1477010469034705
L	11.0544	-0.927069	1477010469089646
R	10.9533	-0.0723018	-1.45714	1477010469139628
L	10.9434	-0.640459	1477010469189611
R	10.7256	-0.0453229	-2.2716	1477010469239610
L	10.7471	-0.362528	1477010469289610
R	10.6938	-0.0284812	-1.8134	1477010469344622
L	10.547	-0.266677	1477010469399634
R	10.5043	-0.0147089	-2.93008	1477010469449624
L	10.2485	-0.0475524	1477010469499614
R	10.141	-0.00711558	-1.90917	1477010469549703
L	10.0313	-0.0518611	1477010469599792
R	10.0898	-0.000164915	-2.6309	1477010469654702
L	9.74695	0.0464954	1477010469709612
R	9.50438	0.00876647	-3.02557	1477010469759688
L	9.45825	0.149456	1477010469809764
R	9.22961	0.0175293	-1.86965	1477010469864720
L	9.24456	0.139817	1477010469919677
R	9.07524	0.0226968	-2.96695	1477010469969667
L	8.96281	0.250937	1477010470019657
R	8.84543	0.0291284	-2.90258	1477010470069658
L	8.65606	0.24536	1477010470119659
R	8.43911	0.029295	-2.8363	1477010470169772
L	8.34184	0.250769	1477010470219886
R	8.27433	0.0294916	-2.5969	1477010470274784
L	8.03847	0.260731	1477010470329682
R	7.98315	0.0256301	-2.85879	1477010470379643
L	7.73327	0.149199	1477010470429605
R	7.46312	0.019266	-3.11504	1477010470479672
L	7.45455	0.149294	1477010470529740
R	7.38047	0.0128858	-1.78619	1477010470584745
L	7.26713	0.055036	1477010470639750
R	7.32563	-0.00630343	-2.78329	1477010470694797
L	6.93127	-0.133333	1477010470749845
R	7.10159	-0.0371997	-0.867081	1477010470804752
L	6.84796	-0.34284	1477010470859660
R	6.66164	-0.0676942	-3.03601	1477010470909720
L	6.54772	-0.536719	1477010470959781
R	6.54413	-0.109938	-0.762244	1477010471014729
L	6.45451	-0.851695	1477010471069677
R	6.50274	-0.154318	-0.418379	1477010471119716
L	6.3554	-1.1624	1477010471169756
R	6.27693	-0.205206	-0.50992	1477010471224778
L	6.2299	-1.45381	1477010471279801
R	6.57101	-0.247004	1.50277	1477010471334717
L	6.34473	-1.75136	1477010471389633
R	6.61568	-0.2897	0.888256	1477010471439714
L	6.35828	-2.03886	1477010471489795
R	6.82616	-0.333515	0.963947	1477010471544769
L	6.34057	-2.34076	1477010471599744
R	6.98476	-0.375575	1.93359	1477010471654796
L	6.45265	-2.65056	1477010471709849
R	7.04974	-0.410031	0.8694	1477010471764848
L	6.45762	-2.94003	1477010471819848
R	7.07693	-0.451697	2.31494	1477010471874849
L	6.54349	-3.33906	1477010471929851
R	7.52682	-0.488801	2.06302	1477010471984794
L	6.65608	-3.67065	1477010472039737
R	7.721	-0.51755	2.03882	1477010472094797
L	6.74422	-3.95901	1477010472149858
R	7.85227	-0.5424	1.92133	1477010472204746
L	6.83817	-4.25449	1477010472259634
R	8.11508	-0.562462	1.69022	1477010472309642
L	6.94879	-4.45387	1477010472359651
R	8.35836	-0.579578	3.03057	1477010472409738
L	7.14339	-4.76622	1477010472459825
R	8.58227	-0.592606	2.07227	1477010472509776
L	7.25883	-4.94719	1477010472559728
R	8.88891	-0.610082	2.25633	1477010472614692
L	7.33925	-5.24908	1477010472669657
R	9.05785	-0.626214	3.44331	1477010472719663
L	7.5499	-5.55354	1477010472769669
R	9.4601	-0.639334	2.07117	1477010472819650
L	7.64483	-5.73357	1477010472869632
R	9.60303	-0.650794	2.99934	1477010472924680
L	7.84396	-6.051	1477010472979728
R	10.0235	-0.660739	1.82872	1477010473034718
L	7.95018	-6.25957	1477010473089709
R	10.3121	-0.667107	2.66075	1477010473144782
L	8.15891	-6.45832	1477010473199855
R	10.6726	-0.673465	3.0068	1477010473254746
L	8.33273	-6.74641	1477010473309637
R	10.9601	-0.688074	2.42458	1477010473364703
L	8.44383	-7.03914	1477010473419770
R	11.191	-0.703148	2.55121	1477010473474712
L	8.55761	-7.36836	1477010473529655
R	11.4834	-0.710496	2.74755	1477010473579698
L	8.7565	-7.55536	1477010473629741
R	11.6331	-0.719838	2.5798	1477010473684743
L	8.85031	-7.85391	1477010473739746
R	11.9356	-0.731085	2.49207	1477010473794754
L	8.95085	-8.16397	1477010473849762
R	12.2284	-0.739285	2.50621	1477010473904699
L	9.15149	-8.34807	1477010473959637
R	12.4412	-0.745624	2.97957	1477010474009643
L	9.22902	-8.65053	1477010474059650
R	12.7039	-0.756748	2.71995	1477010474109686
L	9.36398	-8.95164	1477010474159722
R	13.1658	-0.767119	1.91016	1477010474214714
L	9.43696	-9.1575	1477010474269707
R	13.2358	-0.776088	2.49057	1477010474324744
L	9.53884	-9.45193	1477010474379782
R	13.696	-0.785123	2.56399	1477010474434742
L	9.67284	-9.75791	1477010474489703
R	14.0976	-0.795739	2.84598	1477010474539772
L	9.74713	-10.0467	1477010474589842
R	14.1089	-0.807364	1.87476	1477010474644816
L	9.74697	-10.3629	1477010474699791
R	14.3022	-0.818543	2.54971	1477010474754750
L	9.86261	-10.6462	1477010474809709
R	14.6457	-0.831495	1.87281	1477010474864685
L	9.8455	-10.9408	1477010474919662
R	14.8355	-0.845076	2.08863	1477010474974658
L	9.83549	-11.2481	1477010475029655
R	15.1415	-0.858804	2.28971	1477010475079710
L	9.87136	-11.5692	1477010475129765
R	15.3827	-0.87173	1.57763	1477010475184757
L	9.74749	-11.8623	1477010475239750
R	15.4788	-0.888766	1.45861	1477010475294773
L	9.65408	-12.1513	1477010475349797
R	15.5601	-0.905614	0.938636	1477010475404763
L	9.54006	-12.3354	1477010475459730
R	15.5217	-0.921231	0.267302	1477010475514728
L	9.35049	-12.5377	1477010475569727
R	15.8729	-0.942024	-0.053447	1477010475624757
L	9.04708	-12.7528	1477010475679788
R	15.6473	-0.959771	0.301972	1477010475734757
L	8.84904	-12.9423	1477010475789726
R	15.5759	-0.982069	0.0451108	1477010475844715
L	8.5479	-13.1496	1477010475899705
R	15.7178	-1.00436	-1.56759	1477010475954722
L	8.26001	-13.1483	1477010476009740
R	15.4407	-1.01846	-1.48784	1477010476059726
L	7.95138	-13.1593	1477010476109712
R	15.4191	-1.03651	-0.716977	1477010476164747
L	7.64076	-13.2654	1477010476219782
R	15.2661	-1.05621	-2.11606	1477010476274819
L	7.35762	-13.1417	1477010476329856
R	15.0349	-1.07175	-1.34238	1477010476384794
L	7.05296	-13.1563	1477010476439732
R	14.893	-1.09086	-1.71646	1477010476494735
L	6.672	-13.1364	1477010476549738
R	14.6699	-1.10884	-0.875032	1477010476604787
L	6.46904	-13.1587	1477010476659836
R	14.4304	-1.12445	-1.88305	1477010476714759
L	6.15723	-13.0319	1477010476769682
R	14.1864	-1.13755	-2.90062	1477010476824762
L	5.85711	-12.8423	1477010476879842
R	14.1065	-1.15181	-1.95986	1477010476934819
L	5.5559	-12.7556	1477010476989797
R	13.8068	-1.16747	-2.70953	1477010477044722
L	5.23681	-12.5467	1477010477099647
R	13.5269	-1.17869	-2.4779	1477010477154646
L	5.04959	-12.3548	1477010477209646
R	13.3273	-1.18622	-2.53566	1477010477259657
L	4.86969	-12.1416	1477010477309669
R	12.9798	-1.18873	-2.09258	1477010477359671
L	4.77326	-11.9345	1477010477409673
R	12.539	-1.19655	-3.42819	1477010477459668
L	4.54148	-11.6336	1477010477509663
R	12.4176	-1.19677	-1.98844	1477010477559726
L	4.55238	-11.4548	1477010477609790
R	12.0696	-1.19087	-3.81549	1477010477664786
L	4.45629	-11.0538	1477010477719783
R	11.7368	-1.18684	-1.55765	1477010477774786
L	4.45899	-10.8664	1477010477829789
R	11.6867	-1.17618	-2.47213	1477010477884761
L	4.44058	-10.5544	1477010477939734
R	11.3043	-1.16677	-2.36037	1477010477994802
L	4.44086	-10.2469	1477010478049870
R	11.1445	-1.152	-2.18731	1477010478104838
L	4.54793	-9.94716	1477010478159807
R	10.7341	-1.13037	-1.9859	1477010478214806
L	4.64364	-9.63888	1477010478269805
R	10.6729	-1.10786	-1.7483	1477010478324774
L	4.82761	-9.37054	1477010478379743
R	10.4052	-1.08079	-1.92895	1477010478434764
L	4.94177	-9.04086	1477010478489785
R	10.3962	-1.05915	-0.886898	1477010478544824
L	5.1385	-8.8446	1477010478599864
R	10.09	-1.02781	-1.24596	1477010478654806
L	5.33853	-8.54729	1477010478709749
R	9.95856	-1.00261	-0.973357	1477010478764679
L	5.46213	-8.36055	1477010478819609
R	10.0625	-0.976143	-1.42162	1477010478869695
L	5.63863	-8.05978	1477010478919781
R	9.6935	-0.942624	-0.325581	1477010478974765
L	5.84353	-7.85177	1477010479029749
R	9.73588	-0.912814	-0.00486679	1477010479084702
L	6.14453	-7.66253	1477010479139655
R	9.82092	-0.878335	-0.277344	1477010479189675
L	6.3386	-7.44193	1477010479239696
R	9.75766	-0.849487	-0.0978727	1477010479294668
L	6.54947	-7.257	1477010479349641
R	9.86809	-0.822197	0.120418	1477010479399642
L	6.7522	-7.03215	1477010479449643
R	9.74178	-0.796215	0.681366	1477010479499705
L	6.95051	-6.93564	1477010479549767
R	9.73646	-0.767898	0.636735	1477010479604705
L	7.25571	-6.75585	1477010479659643
R	9.82669	-0.735388	0.310058	1477010479709628
L	7.42947	-6.54884	1477010479759614
R	10.0155	-0.711196	0.937302	1477010479809654
L	7.65263	-6.44325	1477010479859695
R	10.0688	-0.686191	1.79052	1477010479909703
L	7.95705	-6.33998	1477010479959712
R	10.2955	-0.660707	0.133278	1477010480014777
L	8.15184	-6.14215	1477010480069842
R	10.0748	-0.631835	0.423922	1477010480124811
L	8.34844	-5.95288	1477010480179780
R	10.2941	-0.606816	1.81063	1477010480234745
L	8.64546	-5.83668	1477010480289711
R	10.3761	-0.579463	1.35126	1477010480344702
L	8.95179	-5.66017	1477010480399693
R	10.5509	-0.550533	0.683611	1477010480449708
L	9.15234	-5.45358	1477010480499723
R	10.7242	-0.529443	1.0617	1477010480554736
L	9.3462	-5.33648	1477010480609749
R	10.6867	-0.503878	0.00801584	1477010480664832
L	9.55586	-5.07162	1477010480719916
R	10.7882	-0.472652	0.842123	1477010480774817
L	9.75218	-4.8384	1477010480829718
R	11.1251	-0.450929	0.916652	1477010480884675
L	9.9571	-4.66087	1477010480939632
R	10.9735	-0.424449	0.969135	1477010480989675
L	10.1558	-4.43582	1477010481039719
R	11.012	-0.396725	0.528506	1477010481094757
L	10.3312	-4.16698	1477010481149796
R	11.1324	-0.37187	1.16702	1477010481204756
L	10.5551	-3.94162	1477010481259716
R	11.3205	-0.346977	1.07019	1477010481314716
L	10.746	-3.7455	1477010481369717
R	11.5288	-0.321428	0.958754	1477010481424777
L	10.9457	-3.45027	1477010481479837
R	11.5968	-0.290931	0.0529376	1477010481534865
L	11.0435	-3.16012	1477010481589893
R	11.3751	-0.262609	0.248627	1477010481644844
L	11.1542	-2.85724	1477010481699796
R	11.3429	-0.237942	-0.657875	1477010481754772
L	11.1324	-2.55807	1477010481809749
R	11.5121	-0.212107	-0.543635	1477010481864748
L	11.1569	-2.2658	1477010481919747
R	11.4133	-0.184157	1.27014	1477010481974721
L	11.3482	-1.94557	1477010482029695
R	11.5354	-0.157397	-1.33198	1477010482084691
L	11.2389	-1.64141	1477010482139688
R	11.4353	-0.133106	-0.409532	1477010482194770
L	11.2625	-1.34833	1477010482249852
R	11.3746	-0.104867	-1.32078	1477010482304826
L	11.1556	-1.0549	1477010482359800
R	11.0344	-0.0810376	-2.19048	1477010482414762
L	10.9445	-0.73319	1477010482469725
R	10.852	-0.0540255	-1.26188	1477010482524680
L	10.8388	-0.441032	1477010482579636
R	10.637	-0.0338463	-3.16697	1477010482629713
L	10.5529	-0.247121	1477010482679790
R	10.434	-0.0187044	-1.67055	1477010482734821
L	10.3505	-0.143257	1477010482789852
R	10.2074	-0.0106801	-2.6148	1477010482844758
L	10.0541	-0.0441275	1477010482899664
R	9.89001	0.000825869	-2.58728	1477010482954714
L	9.75876	0.0560308	1477010483009765
R	9.63573	0.00964489	-1.81622	1477010483064783
L	9.56967	0.149506	1477010483119802
R	9.5634	0.0155366	-2.61454	1477010483174816
L	9.25348	0.150166	1477010483229830
R	9.08448	0.0228764	-2.61295	1477010483284790
L	8.93575	0.243169	1477010483339750
R	8.95026	0.0295912	-2.79773	1477010483394739
L	8.64483	0.254352	1477010483449729
R	8.47238	0.0296451	-2.72052	1477010483504796
L	8.35775	0.250149	1477010483559863
R	8.28345	0.0237815	-2.75499	1477010483614752
L	8.03004	0.154113	1477010483669641
R	7.74832	0.0199538	-4.06511	1477010483719651
L	7.63715	0.143302	1477010483769662
R	7.62144	0.020608	-1.92459	1477010483819695
L	7.43926	0.160393	1477010483869729
R	7.34552	0.013889	-2.79671	1477010483924750
L	7.16771	0.0463372	1477010483979771
R	7.05739	-0.00713726	-1.92312	1477010484034750
L	6.95035	-0.144849	1477010484089729
R	6.87642	-0.0353825	-1.74942	1477010484144737
L	6.76317	-0.34818	1477010484199745
R	6.77279	-0.0670127	-1.80294	1477010484254726
L	6.56412	-0.553924	1477010484309708
R	6.64863	-0.115431	-1.34231	1477010484364662
L	6.36344	-0.942514	1477010484419617
R	6.45072	-0.171362	0.516744	1477010484469697
L	6.36321	-1.25111	1477010484519778
R	6.46485	-0.219372	0.384586	1477010484574760
L	6.35537	-1.55723	1477010484629742
R	6.74008	-0.262061	0.70842	1477010484684762
L	6.35448	-1.83673	1477010484739782
R	6.70101	-0.306612	0.641725	1477010484794696
L	6.35078	-2.13767	1477010484849611
R	6.68883	-0.347417	0.876202	1477010484899694
L	6.33355	-2.43768	1477010484949777
R	6.81201	-0.386367	1.94865	1477010485004722
L	6.45623	-2.7536	1477010485059667
R	7.01896	-0.421439	1.97259	1477010485114758
L	6.54629	-3.01951	1477010485169850
R	7.4891	-0.460405	1.56	1477010485224853
L	6.54763	-3.45513	1477010485279857
R	7.42685	-0.499304	2.20461	1477010485334822
L	6.64571	-3.73674	1477010485389788
R	7.73369	-0.519546	2.24171	1477010485444795
L	6.85201	-3.93663	1477010485499803
R	8.32239	-0.540957	2.69981	1477010485554749
L	6.9548	-4.32855	1477010485609696
R	8.30107	-0.565342	1.79442	1477010485664769
L	7.05586	-4.55105	1477010485719843
R	8.59318	-0.585948	2.51996	1477010485774801
L	7.13261	-4.82718	1477010485829760
R	8.84525	-0.603476	3.20216	1477010485884747
L	7.34301	-5.14642	1477010485939735
R	9.02066	-0.622827	2.45726	1477010485989735
L	7.46174	-5.44979	1477010486039735
R	9.26753	-0.633155	2.46174	1477010486094756
L	7.65989	-5.6552	1477010486149778
R	9.74447	-0.645201	2.28392	1477010486204747
L	7.75276	-5.95823	1477010486259717
R	9.84383	-0.656665	2.49108	1477010486314673
L	7.95034	-6.15505	1477010486369630
R	10.2229	-0.664707	3.50849	1477010486419697
L	8.14855	-6.44643	1477010486469764
R	10.5783	-0.673972	1.89866	1477010486524763
L	8.25279	-6.64996	1477010486579762
R	10.6184	-0.686812	2.56302	1477010486634801
L	8.35448	-6.94719	1477010486689841
R	11.2448	-0.697694	3.19734	1477010486744809
L	8.54666	-7.24803	1477010486799777
R	11.4023	-0.703311	2.66814	1477010486854698
L	8.74711	-7.43338	1477010486909619
R	11.4784	-0.712179	2.92582	1477010486959738
L	8.84984	-7.75349	1477010487009857
R	11.741	-0.726703	2.18954	1477010487064854
L	8.94604	-8.07116	1477010487119852
R	12.0578	-0.738017	1.97437	1477010487174826
L	9.01893	-8.23506	1477010487229801
R	12.3259	-0.7466	2.46112	1477010487284751
L	9.1628	-8.53304	1477010487339701
R	12.4872	-0.755033	3.12856	1477010487394740
L	9.3508	-8.85468	1477010487449780
R	12.9973	-0.761667	2.54796	1477010487504711
L	9.45338	-9.162	1477010487559642
R	13.3492	-0.7773	2.64735	1477010487609747
L	9.56994	-9.45148	1477010487659852
R	13.5895	-0.783535	1.80157	1477010487714799
L	9.64603	-9.66938	1477010487769747
R	13.7362	-0.793586	1.9961	1477010487824681
L	9.64842	-9.95866	1477010487879616
R	13.8624	-0.804437	2.82352	1477010487929707
L	9.7516	-10.2483	1477010487979798
R	14.2377	-0.814555	2.56532	1477010488034755
L	9.8633	-10.5382	1477010488089713
R	14.5453	-0.825759	1.93079	1477010488144715
L	9.84674	-10.8547	1477010488199718
R	14.6206	-0.839985	1.93631	1477010488254785
L	9.86442	-11.1448	1477010488309852
R	15.0172	-0.853421	2.11639	1477010488364782
L	9.85036	-11.4464	1477010488419712
R	15.3302	-0.866059	2.06556	1477010488474779
L	9.83174	-11.7336	1477010488529846
R	15.3983	-0.88022	1.79987	1477010488579821
L	9.75331	-12.0506	1477010488629796
R	15.5297	-0.900676	0.234171	1477010488684802
L	9.55524	-12.2329	1477010488739809
R	15.6284	-0.919828	1.29552	1477010488794741
L	9.34172	-12.5587	1477010488849674
R	15.6571	-0.941485	0.291516	1477010488899701
L	9.16462	-12.7506	1477010488949729
R	15.7268	-0.954682	0.414822	1477010489004723
L	8.95936	-12.9426	1477010489059717
R	15.8476	-0.977762	-0.972751	1477010489114674
L	8.65422	-13.0444	1477010489169631
R	15.6101	-0.995616	-0.116796	1477010489219633
L	8.3436	-13.2381	1477010489269636
R	15.432	-1.01103	-1.74358	1477010489319687
L	8.15674	-13.1486	1477010489369738
R	15.4246	-1.02553	-0.658323	1477010489424683
L	7.85314	-13.2533	1477010489479628
R	15.1639	-1.04748	-1.86286	1477010489534731
L	7.45422	-13.2433	1477010489589835
R	15.1626	-1.06605	-1.33622	1477010489644778
L	7.13166	-13.2372	1477010489699722
R	14.8978	-1.08358	-1.4991	1477010489754727
L	6.84852	-13.2404	1477010489809733
R	14.8615	-1.10225	-2.03746	1477010489864730
L	6.55626	-13.1584	1477010489919727
R	14.3946	-1.11583	-2.23409	1477010489974732
L	6.25112	-13.0473	1477010490029738
R	14.3607	-1.13231	-1.93156	1477010490084683
L	5.95513	-12.9613	1477010490139629
R	14.3815	-1.14857	-2.05973	1477010490189750
L	5.6635	-12.8347	1477010490239871
R	14.0268	-1.15873	-2.36004	1477010490294818
L	5.45219	-12.6228	1477010490349765
R	13.5149	-1.16708	-2.47916	1477010490404794
L	5.25069	-12.4448	1477010490459824
R	13.4552	-1.17936	-2.79199	1477010490514793
L	4.9499	-12.2734	1477010490569762
R	13.1387	-1.18616	-2.10019	1477010490624800
L	4.84027	-12.0359	1477010490679838
R	12.8997	-1.1896	-3.33726	1477010490734847
L	4.63814	-11.758	1477010490789856
R	12.3042	-1.19578	-2.07279	1477010490844803
L	4.5399	-11.541	1477010490899751
R	12.1226	-1.19333	-3.59435	1477010490954743
L	4.45518	-11.1556	1477010491009736
R	12.0979	-1.19164	-1.93426	1477010491064728
L	4.36691	-10.9529	1477010491119720
R	11.5336	-1.18409	-2.00293	1477010491174701
L	4.42489	-10.6572	1477010491229683
R	11.4356	-1.17086	-2.81654	1477010491279664
L	4.44692	-10.3512	1477010491329645
R	10.9254	-1.15506	-2.25117	1477010491379669
L	4.5556	-10.0446	1477010491429693
R	10.8604	-1.13609	-2.26342	1477010491479780
L	4.65841	-9.75093	1477010491529867
R	10.5329	-1.11857	-1.07221	1477010491584756
L	4.74425	-9.53907	1477010491639645
R	10.5106	-1.09824	-1.95487	1477010491694709
L	4.87523	-9.25457	1477010491749773
R	10.2807	-1.07104	-1.598	1477010491804763
L	5.04624	-8.96378	1477010491859753
R	10.1055	-1.04116	-1.48391	1477010491914804
L	5.26299	-8.64398	1477010491969855
R	10.0829	-1.0125	-0.557198	1477010492024752
L	5.43218	-8.43885	1477010492079650
R	10.0189	-0.988216	-1.11875	1477010492134713
L	5.54143	-8.23537	1477010492189776
R	10.0003	-0.961796	0.253973	1477010492244751
L	5.85207	-8.0316	1477010492299727
R	9.9687	-0.926042	-1.09038	1477010492354717
L	6.04955	-7.75139	1477010492409707
R	9.92266	-0.895106	-0.251318	1477010492464731
L	6.2473	-7.56333	1477010492519755
R	9.84317	-0.864096	-0.225876	1477010492574809
L	6.44526	-7.36223	1477010492629864
R	9.89056	-0.831754	0.387467	1477010492684838
L	6.74856	-7.14204	1477010492739812
R	9.82091	-0.80111	0.0111151	1477010492794737
L	6.97717	-6.96144	1477010492849663
R	9.91553	-0.767345	0.813798	1477010492899667
L	7.2552	-6.74652	1477010492949671
R	9.78918	-0.739243	-0.48358	1477010492999702
L	7.33491	-6.53948	1477010493049734
R	10.1874	-0.716878	2.05987	1477010493104730
L	7.64389	-6.55777	1477010493159727
R	10.3287	-0.693472	0.298687	1477010493214786
L	7.84566	-6.34021	1477010493269845
R	10.0811	-0.66755	1.53364	1477010493324861
L	8.14601	-6.23101	1477010493379878
R	10.4109	-0.636269	-0.146262	1477010493434854
L	8.35502	-5.95811	1477010493489831
R	10.2804	-0.607939	1.90025	1477010493544847
L	8.64201	-5.86567	1477010493599864
R	10.4873	-0.580994	0.616103	1477010493654873
L	8.85198	-5.65134	1477010493709882
R	10.4588	-0.551115	1.48103	1477010493764805
L	9.13482	-5.45989	1477010493819729
R	10.7747	-0.524384	0.767143	1477010493874736
L	9.33045	-5.26019	1477010493929744
R	10.7517	-0.497219	1.45792	1477010493984708
L	9.63754	-5.04328	1477010494039673
R	11.0341	-0.470968	0.0453641	1477010494089740
L	9.74856	-4.84745	1477010494139808
R	11.0612	-0.449999	0.869401	1477010494194838
L	9.93394	-4.66432	1477010494249869
R	11.125	-0.424919	0.928876	1477010494304801
L	10.1444	-4.44253	1477010494359734
R	11.1995	-0.399294	1.77981	1477010494414745
L	10.4496	-4.24828	1477010494469757
R	11.3545	-0.370848	-0.30287	1477010494524777
L	10.5542	-3.95161	1477010494579797
R	11.3211	-0.342958	0.712047	1477010494634760
L	10.7602	-3.65417	1477010494689724
R	11.4312	-0.317652	1.20517	1477010494744718
L	10.9375	-3.46792	1477010494799712
R	11.5021	-0.29106	0.041231	1477010494854745
L	11.0672	-3.14607	1477010494909778
R	11.5069	-0.264934	0.216416	1477010494964791
L	11.1428	-2.8481	1477010495019805
R	11.4972	-0.237002	0.259454	1477010495074751
L	11.2495	-2.5409	1477010495129697
R	11.7171	-0.211967	-1.46601	1477010495184782
L	11.1705	-2.24061	1477010495239868
R	11.4117	-0.183451	1.44344	1477010495294756
L	11.3536	-1.97104	1477010495349645
R	11.3633	-0.156728	-0.454345	1477010495404793
L	11.3661	-1.64386	1477010495459942
R	11.3658	-0.130565	-0.347156	1477010495514797
L	11.3391	-1.34511	1477010495569653
R	11.3141	-0.10593	-2.15196	1477010495619661
L	11.1532	-1.04324	1477010495669670
R	11.0059	-0.0810972	-1.38138	1477010495719666
L	11.0654	-0.742685	1477010495769663
R	10.911	-0.0601231	-1.96694	1477010495824677
L	10.8418	-0.549005	1477010495879691
R	10.8361	-0.0408851	-1.78777	1477010495934684
L	10.6642	-0.353413	1477010495989678
R	10.5532	-0.0235621	-3.26318	1477010496039672
L	10.3487	-0.171899	1477010496089667
R	10.2565	-0.0112412	-2.08683	1477010496139654
L	10.137	-0.0462889	1477010496189641
R	10.0717	0.00163858	-1.97994	1477010496239639
L	9.92833	0.0556031	1477010496289638
R	9.84784	0.00284182	-2.93313	1477010496339634
L	9.65029	0.0372757	1477010496389630
R	9.54734	0.0104496	-2.97688	1477010496439659
L	9.33515	0.138463	1477010496489688
R	9.46208	0.0141913	-1.83274	1477010496544659
L	9.13787	0.161547	1477010496599631
R	9.02937	0.0217632	-3.05478	1477010496649643
L	8.82128	0.250523	1477010496699655
R	8.6796	0.0285204	-3.02363	1477010496749676
L	8.54916	0.247046	1477010496799698
R	8.44466	0.0300046	-2.58343	1477010496854669
L	8.2302	0.258614	1477010496909640
R	8.10918	0.0252484	-2.97538	1477010496959655
L	7.94777	0.127954	1477010497009670
R	7.82356	0.0191399	-3.06134	1477010497059653
L	7.63383	0.15164	1477010497109637
R	7.49759	0.0134815	-2.56198	1477010497164643
L	7.35046	0.0656199	1477010497219650
R	7.13188	-0.000633743	-2.02086	1477010497269642
L	7.14965	-0.0559868	1477010497319635
R	6.77401	-0.0222792	-2.89458	1477010497374674
L	6.85872	-0.227918	1477010497429714
R	6.7132	-0.0517516	-0.920895	1477010497479687
L	6.74687	-0.441006	1477010497529660
R	6.74335	-0.0817351	-1.87538	1477010497579656
L	6.54837	-0.624094	1477010497629652
R	6.44839	-0.121462	-0.595118	1477010497679658
L	6.44859	-0.960126	1477010497729664
R	6.46919	-0.16842	-0.399597	1477010497779665
L	6.35596	-1.24356	1477010497829667
R	6.70803	-0.215617	0.545837	1477010497879645
L	6.35503	-1.55184	1477010497929624
R	6.54119	-0.254276	0.351234	1477010497984639
L	6.34356	-1.7483	1477010498039654
R	6.64128	-0.299712	1.27178	1477010498089657
L	6.34095	-2.12276	1477010498139661
R	6.6916	-0.340776	0.695528	1477010498189661
L	6.34785	-2.35274	1477010498239662
R	6.73182	-0.375521	1.10962	1477010498289662
L	6.36265	-2.64414	1477010498339662
R	6.95809	-0.410128	2.11301	1477010498389660
L	6.461	-2.95066	1477010498439659
R	7.23519	-0.451689	2.60049	1477010498489695
L	6.55345	-3.36165	1477010498539731
R	7.4921	-0.481382	1.63266	1477010498594681
L	6.63536	-3.55462	1477010498649631
R	7.65601	-0.504076	2.5156	1477010498699664
L	6.75151	-3.84595	1477010498749697
R	7.7202	-0.532089	2.13592	1477010498804730
L	6.85764	-4.15466	1477010498859764
R	8.16769	-0.554308	1.6278	1477010498914716
L	6.94846	-4.34203	1477010498969669
R	8.43143	-0.57064	2.47219	1477010499019665
L	7.03506	-4.6461	1477010499069661
R	8.74234	-0.592929	3.2723	1477010499119665
L	7.26242	-4.9318	1477010499169669
R	8.92451	-0.606477	1.91642	1477010499219655
L	7.3521	-5.15533	1477010499269641
R	9.0968	-0.620096	2.43519	1477010499319639
L	7.44098	-5.44336	1477010499369637
R	9.27969	-0.635369	2.73629	1477010499419647
L	7.66561	-5.647	1477010499469657
R	9.6591	-0.646603	2.41719	1477010499519643
L	7.75724	-5.96146	1477010499569629
R	9.7353	-0.656464	2.7844	1477010499619634
L	7.95005	-6.14609	1477010499669639
R	10.2057	-0.66388	2.032	1477010499719637
L	8.04346	-6.35767	1477010499769635
R	10.382	-0.674723	3.36501	1477010499819647
L	8.25742	-6.66007	1477010499869660
R	10.7955	-0.680973	1.7607	1477010499924653
L	8.33159	-6.8699	1477010499979646
R	11.1716	-0.694584	2.79064	1477010500029640
L	8.45779	-7.15285	1477010500079634
R	10.9872	-0.703397	2.84011	1477010500129657
L	8.647	-7.3454	1477010500179680
R	11.5795	-0.712791	2.85508	1477010500229651
L	8.76121	-7.66039	1477010500279623
R	11.7383	-0.721773	1.98214	1477010500329631
L	8.84363	-7.83628	1477010500379639
R	12.1699	-0.728905	3.6081	1477010500429635
L	9.05238	-8.15838	1477010500479632
R	12.2342	-0.737451	2.08465	1477010500529687
L	9.15492	-8.35136	1477010500579743
R	12.6512	-0.744494	2.40551	1477010500634757
L	9.2543	-8.64461	1477010500689772
R	12.6125	-0.757959	2.41541	1477010500744749
L	9.35164	-8.95148	1477010500799727
R	13.1952	-0.769299	3.02289	1477010500849738
L	9.44272	-9.24111	1477010500899749
R	13.3758	-0.777761	1.84184	1477010500954757
L	9.5752	-9.43724	1477010501009766
R	13.5831	-0.785718	2.38885	1477010501064712
L	9.62903	-9.75552	1477010501119659
R	13.8538	-0.796016	2.63696	1477010501174727
L	9.74482	-10.046	1477010501229795
R	14.0227	-0.807641	1.93977	1477010501284719
L	9.75264	-10.3488	1477010501339643
R	14.3811	-0.818753	3.01654	1477010501389643
L	9.83234	-10.6514	1477010501439644
R	14.5653	-0.830443	2.32942	1477010501489636
L	9.85033	-10.9603	1477010501539628
R	14.9194	-0.843535	1.3418	1477010501589738
L	9.86057	-11.1502	1477010501639849
R	14.9674	-0.853527	1.98082	1477010501694757
L	9.83839	-11.4483	1477010501749666
R	15.1773	-0.869154	1.8979	1477010501799738
L	9.75592	-11.7487	1477010501849810
R	15.4203	-0.884038	2.12451	1477010501904738
L	9.75861	-12.0491	1477010501959666
R	15.5366	-0.901665	1.06967	1477010502014733
L	9.56514	-12.3446	1477010502069800
R	15.6711	-0.921787	0.222425	1477010502124705
L	9.34752	-12.5408	1477010502179611
R	15.7693	-0.93835	0.863191	1477010502234675
L	9.24151	-12.7411	1477010502289740
R	15.6491	-0.954916	-0.702749	1477010502344684
L	8.83995	-12.9425	1477010502399628
R	15.6757	-0.979734	-0.475503	1477010502449731
L	8.6395	-13.0341	1477010502499834
R	15.5584	-0.994038	-0.821157	1477010502554749
L	8.34268	-13.1451	1477010502609665
R	15.5362	-1.01517	-0.66709	1477010502664734
L	8.06107	-13.2364	1477010502719804
R	15.36	-1.03139	-1.35298	1477010502774815
L	7.75593	-13.2425	1477010502829826
R	15.1473	-1.05087	-1.53492	1477010502884773
L	7.44992	-13.2329	1477010502939720
R	14.9795	-1.06989	-2.58841	1477010502994682
L	7.05468	-13.1604	1477010503049644
R	14.8543	-1.08728	-1.23077	1477010503104728
L	6.73255	-13.1364	1477010503159812
R	14.9527	-1.10661	-1.43926	1477010503209733
L	6.42749	-13.1436	1477010503259655
R	14.6848	-1.11798	-1.7778	1477010503309715
L	6.2503	-13.0552	1477010503359776
R	14.5284	-1.13279	-1.95691	1477010503414775
L	5.95166	-12.9396	1477010503469774
R	14.1205	-1.14893	-2.0284	1477010503524740
L	5.64785	-12.8416	1477010503579706
R	13.9407	-1.16209	-2.51174	1477010503634709
L	5.43842	-12.6552	1477010503689712
R	13.6781	-1.17045	-2.71295	1477010503744786
L	5.12059	-12.4527	1477010503799861
R	13.5987	-1.18335	-2.35186	1477010503854816
L	4.95241	-12.2277	1477010503909771
R	13.0294	-1.1923	-3.09079	1477010503964763
L	4.75144	-11.9561	1477010504019755
R	12.6426	-1.19135	-2.14426	1477010504074727
L	4.67603	-11.7496	1477010504129699
R	12.532	-1.19356	-2.71022	1477010504184778
L	4.5432	-11.4431	1477010504239858
R	12.0277	-1.18903	-3.7137	1477010504294788
L	4.44374	-11.0696	1477010504349718
R	11.8559	-1.18496	-1.62718	1477010504404722
L	4.4464	-10.8663	1477010504459726
R	12.0444	-1.17805	-1.73855	1477010504514788
L	4.43858	-10.6346	1477010504569850
R	11.3269	-1.16887	-3.27343	1477010504624801
L	4.44616	-10.2449	1477010504679752
R	11.0834	-1.15058	-2.17109	1477010504734696
L	4.55225	-9.94382	1477010504789641
R	10.7623	-1.13022	-2.44174	1477010504839687
L	4.64586	-9.65356	1477010504889733
R	10.4579	-1.11412	-1.35603	1477010504944672
L	4.7442	-9.45683	1477010504999612
R	10.4108	-1.0908	-1.78308	1477010505049655
L	4.94202	-9.15915	1477010505099699
R	10.3405	-1.06237	-1.95528	1477010505154742
L	5.06039	-8.84271	1477010505209785
R	10.2601	-1.03811	-0.803907	1477010505264827
L	5.26598	-8.6555	1477010505319869
R	10.037	-1.01005	-1.20349	1477010505374809
L	5.43516	-8.36367	1477010505429750
R	9.99123	-0.978202	-0.644215	1477010505484740
L	5.65225	-8.1686	1477010505539731
R	10.0235	-0.949248	-0.364583	1477010505594751
L	5.81186	-7.95139	1477010505649771
R	9.93472	-0.92343	-0.302353	1477010505704734
L	6.04627	-7.74932	1477010505759697
R	9.62546	-0.88994	-0.832488	1477010505814720
L	6.26179	-7.43797	1477010505869744
R	9.67107	-0.855073	0.418138	1477010505924794
L	6.55234	-7.24441	1477010505979845
R	9.76103	-0.825526	0.489049	1477010506034803
L	6.74556	-7.15305	1477010506089761
R	9.87674	-0.794649	0.607961	1477010506144717
L	7.06886	-6.94012	1477010506199673
R	9.86232	-0.763353	0.0351385	1477010506254753
L	7.25262	-6.73852	1477010506309833
R	9.85837	-0.736116	0.148173	1477010506364776
L	7.45762	-6.53827	1477010506419720
R	9.98613	-0.706558	1.37208	1477010506474740
L	7.74315	-6.44913	1477010506529760
R	10.1317	-0.684623	0.777791	1477010506584809
L	7.9584	-6.34152	1477010506639858
R	10.1837	-0.658568	0.969682	1477010506694802
L	8.24773	-6.1485	1477010506749746
R	10.2499	-0.623097	1.26912	1477010506804753
L	8.55156	-5.93992	1477010506859761
R	10.4301	-0.594934	0.657942	1477010506914753
L	8.7543	-5.75242	1477010506969746
R	10.6686	-0.565194	1.34315	1477010507024799
L	9.06113	-5.54128	1477010507079852
R	10.6386	-0.537333	0.800178	1477010507134822
L	9.24452	-5.3352	1477010507189793
R	10.6468	-0.515691	1.14332	1477010507244770
L	9.43645	-5.25801	1477010507299747
R	11.0213	-0.491273	0.378567	1477010507354696
L	9.64908	-4.9531	1477010507409645
R	10.8076	-0.462569	0.808191	1477010507464670
L	9.86682	-4.74721	1477010507519695
R	10.9769	-0.436747	0.773696	1477010507574699
L	10.0706	-4.54316	1477010507629703
R	11.3501	-0.410455	1.79691	1477010507684727
L	10.3431	-4.35107	1477010507739752
R	11.1934	-0.382691	-0.210545	1477010507794760
L	10.4578	-4.07071	1477010507849768
R	11.2679	-0.358104	1.20807	1477010507904742
L	10.6424	-3.84126	1477010507959717
R	11.2214	-0.330063	0.887286	1477010508014683
L	10.8572	-3.53957	1477010508069649
R	11.3235	-0.30085	0.302095	1477010508119661
L	10.9372	-3.24816	1477010508169673
R	11.3417	-0.277495	1.37716	1477010508224689
L	11.135	-3.05697	1477010508279706
R	11.5166	-0.252737	0.253884	1477010508334672
L	11.2571	-2.74346	1477010508389639
R	11.5547	-0.225803	-1.5427	1477010508439703
L	11.1393	-2.45312	1477010508489767
R	11.4655	-0.201037	0.457362	1477010508544784
L	11.239	-2.16508	1477010508599802
R	11.3365	-0.175531	0.442173	1477010508654756
L	11.3424	-1.85113	1477010508709711
