L	0	0	1477010443349642
R	0	0	0	1477010443349642
L	1.559445e+00	-1.385015e-01	1477010444349642
R	1.812711e+00	2.619727e-02	2.305732e+00	1477010444349642
L	3.890927e+00	-1.341657e-01	1477010445349642
R	4.200967e+00	5.202598e-02	2.418127e+00	1477010445349642
L	6.863517e+00	4.168175e-01	1477010446349642
R	6.456604e+00	7.330529e-02	2.438466e+00	1477010446349642
L	9.077331e+00	5.932112e-01	1477010447349642
R	8.941596e+00	9.936074e-02	2.529122e+00	1477010447349642
L	1.157555e+01	1.666900e+00	1477010448349642
R	1.153365e+01	1.242681e-01	2.500995e+00	1477010448349642
L	1.359209e+01	2.311915e+00	1477010449349642
R	1.380271e+01	1.453491e-01	2.539724e+00	1477010449349642
L	1.664559e+01	2.902999e+00	1477010450349642
R	1.652890e+01	1.730753e-01	2.728349e+00	1477010450349642
L	1.901058e+01	3.705553e+00	1477010451349642
R	1.974624e+01	1.973267e-01	2.502012e+00	1477010451349642
L	2.133124e+01	4.732053e+00	1477010452349642
R	2.213645e+01	2.161499e-01	2.798219e+00	1477010452349642
L	2.407871e+01	5.569675e+00	1477010453349642
R	2.526425e+01	2.366585e-01	3.081090e+00	1477010453349642
L	2.660525e+01	6.961020e+00	1477010454349642
R	2.742432e+01	2.543628e-01	2.977206e+00	1477010454349642
L	2.958639e+01	8.087890e+00	1477010455349642
R	3.060322e+01	2.727931e-01	3.000533e+00	1477010455349642
L	3.194160e+01	9.880168e+00	1477010456349642
R	3.318149e+01	2.903330e-01	2.789422e+00	1477010456349642
L	3.461568e+01	1.069880e+01	1477010457349642
R	3.674365e+01	3.039004e-01	2.988207e+00	1477010457349642
L	3.714036e+01	1.208833e+01	1477010458349642
R	3.946136e+01	3.168263e-01	3.028242e+00	1477010458349642
L	4.032853e+01	1.346661e+01	1477010459349642
R	4.216287e+01	3.290412e-01	2.947967e+00	1477010459349642
L	4.276639e+01	1.482937e+01	1477010460349642
R	4.513067e+01	3.383838e-01	3.104881e+00	1477010460349642
L	4.535721e+01	1.655239e+01	1477010461349642
R	4.854672e+01	3.472554e-01	3.079899e+00	1477010461349642
L	4.815409e+01	1.728347e+01	1477010462349642
R	5.103968e+01	3.506980e-01	2.752674e+00	1477010462349642
L	5.062278e+01	1.907211e+01	1477010463349642
R	5.394915e+01	3.556170e-01	2.885539e+00	1477010463349642
L	5.372678e+01	1.989821e+01	1477010464349642
R	5.709391e+01	3.553123e-01	2.718978e+00	1477010464349642
L	5.603223e+01	2.109230e+01	1477010465349642
R	5.967820e+01	3.593175e-01	2.678392e+00	1477010465349642
L	5.866320e+01	2.178207e+01	1477010466349642
R	6.256831e+01	3.589798e-01	2.817748e+00	1477010466349642
L	6.087224e+01	2.278765e+01	1477010467349642
R	6.484539e+01	3.566487e-01	2.671849e+00	1477010467349642
L	6.338208e+01	2.340690e+01	1477010468349642
R	6.802621e+01	3.565512e-01	2.503319e+00	1477010468349642
L	6.634029e+01	2.399586e+01	1477010469349642
R	7.010336e+01	3.487223e-01	2.230104e+00	1477010469349642
L	6.826205e+01	2.435817e+01	1477010470349642
R	7.295088e+01	3.440404e-01	2.502639e+00	1477010470349642
L	7.082748e+01	2.488439e+01	1477010471349642
R	7.491955e+01	3.355868e-01	2.202921e+00	1477010471349642
L	7.289226e+01	2.471354e+01	1477010472349642
R	7.724250e+01	3.300601e-01	2.095280e+00	1477010472349642
L	7.500209e+01	2.525945e+01	1477010473349642
R	7.907670e+01	3.235040e-01	2.015980e+00	1477010473349642
L	7.712245e+01	2.492967e+01	1477010474349642
R	8.117997e+01	3.168645e-01	1.610124e+00	1477010474349642
L	7.910890e+01	2.503687e+01	1477010475349642
R	8.301602e+01	3.055133e-01	1.740946e+00	1477010475349642
L	8.080743e+01	2.486882e+01	1477010476349642
R	8.486818e+01	2.974122e-01	1.480564e+00	1477010476349642
L	8.262158e+01	2.463932e+01	1477010477349642
R	8.615829e+01	2.921110e-01	1.429528e+00	1477010477349642
L	8.417335e+01	2.455042e+01	1477010478349642
R	8.773126e+01	2.810227e-01	1.497477e+00	1477010478349642
L	8.563776e+01	2.380798e+01	1477010479349642
R	8.919568e+01	2.695749e-01	1.285113e+00	1477010479349642
L	8.694492e+01	2.352704e+01	1477010480349642
R	9.071713e+01	2.621807e-01	1.125894e+00	1477010480349642
L	8.882267e+01	2.278691e+01	1477010481349642
R	9.134890e+01	2.539530e-01	1.140412e+00	1477010481349642
L	8.949667e+01	2.230817e+01	1477010482349642
R	9.255422e+01	2.453672e-01	8.351101e-01	1477010482349642
L	9.051327e+01	2.166767e+01	1477010483349642
R	9.349083e+01	2.386165e-01	1.002329e+00	1477010483349642
L	9.171782e+01	2.111524e+01	1477010484349642
R	9.453330e+01	2.297548e-01	8.770099e-01	1477010484349642
L	9.285989e+01	2.095372e+01	1477010485349642
R	9.566793e+01	2.220744e-01	8.834777e-01	1477010485349642
L	9.346683e+01	2.021548e+01	1477010486349642
R	9.595920e+01	2.153676e-01	8.327357e-01	1477010486349642
L	9.532289e+01	1.965849e+01	1477010487349642
R	9.656365e+01	2.074150e-01	6.844031e-01	1477010487349642
L	9.550389e+01	1.969840e+01	1477010488349642
R	9.759407e+01	2.020017e-01	7.770975e-01	1477010488349642
L	9.626405e+01	1.915973e+01	1477010489349642
R	9.838528e+01	1.929804e-01	7.375068e-01	1477010489349642
L	9.752863e+01	1.872696e+01	1477010490349642
R	9.921197e+01	1.842182e-01	8.430504e-01	1477010490349642
L	9.821047e+01	1.837390e+01	1477010491349642
R	1.000768e+02	1.824270e-01	7.431117e-01	1477010491349642
L	9.903627e+01	1.735698e+01	1477010492349642
R	1.004778e+02	1.729878e-01	9.239015e-01	1477010492349642
L	9.999686e+01	1.698822e+01	1477010493349642
R	1.018611e+02	1.672018e-01	8.250369e-01	1477010493349642
L	1.012038e+02	1.653684e+01	1477010494349642
R	1.024956e+02	1.610466e-01	8.779700e-01	1477010494349642
L	1.023868e+02	1.639923e+01	1477010495349642
R	1.033017e+02	1.539040e-01	9.479811e-01	1477010495349642
L	1.030034e+02	1.535302e+01	1477010496349642
R	1.038820e+02	1.460638e-01	1.026220e+00	1477010496349642
L	1.041144e+02	1.527083e+01	1477010497349642
R	1.049482e+02	1.411149e-01	1.161765e+00	1477010497349642
L	1.055409e+02	1.444125e+01	1477010498349642
R	1.062427e+02	1.321827e-01	1.155763e+00	1477010498349642
L	1.068312e+02	1.404819e+01	1477010499349642
R	1.073871e+02	1.329968e-01	1.377422e+00	1477010499349642
L	1.080836e+02	1.366040e+01	1477010500349642
R	1.089939e+02	1.258840e-01	1.488510e+00	1477010500349642
L	1.095344e+02	1.357136e+01	1477010501349642
R	1.101759e+02	1.196914e-01	1.444469e+00	1477010501349642
L	1.110630e+02	1.258139e+01	1477010502349642
R	1.121764e+02	1.157520e-01	1.628898e+00	1477010502349642
L	1.129126e+02	1.248773e+01	1477010503349642
R	1.135236e+02	1.132060e-01	1.753766e+00	1477010503349642
L	1.148010e+02	1.255057e+01	1477010504349642
R	1.155748e+02	1.067891e-01	1.804447e+00	1477010504349642
L	1.166871e+02	1.210355e+01	1477010505349642
R	1.174924e+02	1.028766e-01	2.104336e+00	1477010505349642
L	1.189528e+02	1.200094e+01	1477010506349642
R	1.194957e+02	1.040097e-01	2.118656e+00	1477010506349642
L	1.206951e+02	1.229180e+01	1477010507349642
R	1.215471e+02	1.004631e-01	2.152026e+00	1477010507349642
L	1.235682e+02	1.282970e+01	1477010508349642
R	1.238025e+02	1.033269e-01	2.308969e+00	1477010508349642
L	1.248938e+02	1.277429e+01	1477010509349642
R	1.260477e+02	1.032906e-01	2.561986e+00	1477010509349642
L	1.278531e+02	1.332727e+01	1477010510349642
R	1.281830e+02	1.027923e-01	2.533509e+00	1477010510349642
L	1.299473e+02	1.369630e+01	1477010511349642
R	1.310610e+02	1.053446e-01	2.395812e+00	1477010511349642
L	1.320919e+02	1.450702e+01	1477010512349642
R	1.332209e+02	1.078673e-01	2.602114e+00	1477010512349642
L	1.350735e+02	1.504748e+01	1477010513349642
R	1.359193e+02	1.080497e-01	2.575841e+00	1477010513349642
L	1.375606e+02	1.621470e+01	1477010514349642
R	1.386403e+02	1.194011e-01	2.882208e+00	1477010514349642
L	1.403314e+02	1.700802e+01	1477010515349642
R	1.413966e+02	1.243534e-01	2.863862e+00	1477010515349642
L	1.428884e+02	1.799183e+01	1477010516349642
R	1.437753e+02	1.265470e-01	2.833240e+00	1477010516349642
L	1.453920e+02	1.916167e+01	1477010517349642
R	1.470716e+02	1.321468e-01	2.905169e+00	1477010517349642
L	1.482509e+02	2.047536e+01	1477010518349642
R	1.496186e+02	1.404008e-01	2.754945e+00	1477010518349642
L	1.506859e+02	2.211423e+01	1477010519349642
R	1.522205e+02	1.438054e-01	2.969367e+00	1477010519349642
L	1.534220e+02	2.349086e+01	1477010520349642
R	1.551664e+02	1.481995e-01	2.797327e+00	1477010520349642
L	1.560466e+02	2.480844e+01	1477010521349642
R	1.580103e+02	1.593196e-01	2.643090e+00	1477010521349642
L	1.589049e+02	2.603078e+01	1477010522349642
R	1.611563e+02	1.632386e-01	3.010232e+00	1477010522349642
L	1.614116e+02	2.742561e+01	1477010523349642
R	1.639112e+02	1.707092e-01	2.719047e+00	1477010523349642
L	1.636251e+02	2.876827e+01	1477010524349642
R	1.667132e+02	1.767602e-01	2.800348e+00	1477010524349642
L	1.668278e+02	3.020623e+01	1477010525349642
R	1.693747e+02	1.763346e-01	2.783027e+00	1477010525349642
L	1.690972e+02	3.137172e+01	1477010526349642
R	1.721064e+02	1.793748e-01	2.783685e+00	1477010526349642
L	1.721752e+02	3.234041e+01	1477010527349642
R	1.752070e+02	1.875434e-01	2.809252e+00	1477010527349642
L	1.746430e+02	3.346252e+01	1477010528349642
R	1.777403e+02	1.919932e-01	2.623035e+00	1477010528349642
L	1.770301e+02	3.420094e+01	1477010529349642
R	1.804147e+02	1.887235e-01	2.511529e+00	1477010529349642
L	1.801454e+02	3.514229e+01	1477010530349642
R	1.830143e+02	1.950816e-01	2.477528e+00	1477010530349642
L	1.825994e+02	3.575303e+01	1477010531349642
R	1.856231e+02	1.966203e-01	2.441744e+00	1477010531349642
L	1.847319e+02	3.651547e+01	1477010532349642
R	1.883345e+02	1.931176e-01	2.201386e+00	1477010532349642
L	1.869463e+02	3.694045e+01	1477010533349642
R	1.909034e+02	1.947161e-01	2.410297e+00	1477010533349642
L	1.894652e+02	3.740516e+01	1477010534349642
R	1.933027e+02	1.923400e-01	2.217294e+00	1477010534349642
L	1.917353e+02	3.756307e+01	1477010535349642
R	1.952425e+02	1.912593e-01	2.103453e+00	1477010535349642
L	1.934712e+02	3.727891e+01	1477010536349642
R	1.971401e+02	1.909903e-01	1.968279e+00	1477010536349642
L	1.959914e+02	3.739908e+01	1477010537349642
R	1.990686e+02	1.894537e-01	1.776298e+00	1477010537349642
L	1.977246e+02	3.772855e+01	1477010538349642
R	2.010726e+02	1.866010e-01	1.872312e+00	1477010538349642
L	1.992941e+02	3.728617e+01	1477010539349642
R	2.028256e+02	1.852191e-01	1.586984e+00	1477010539349642
L	2.015491e+02	3.699733e+01	1477010540349642
R	2.043960e+02	1.843601e-01	1.497659e+00	1477010540349642
L	2.029624e+02	3.645683e+01	1477010541349642
R	2.060446e+02	1.817587e-01	1.261351e+00	1477010541349642
L	2.039906e+02	3.619670e+01	1477010542349642
R	2.070150e+02	1.762321e-01	1.441483e+00	1477010542349642
